{
 "cells": [
  {
   "cell_type": "code",
   "execution_count": 1,
   "metadata": {},
   "outputs": [
    {
     "name": "stderr",
     "output_type": "stream",
     "text": [
      "2023-03-15 23:52:04.306064: I tensorflow/core/platform/cpu_feature_guard.cc:193] This TensorFlow binary is optimized with oneAPI Deep Neural Network Library (oneDNN) to use the following CPU instructions in performance-critical operations:  SSE3 SSE4.1 SSE4.2 AVX AVX2 FMA\n",
      "To enable them in other operations, rebuild TensorFlow with the appropriate compiler flags.\n"
     ]
    }
   ],
   "source": [
    "import tensorflow as tf\n",
    "import numpy as np\n",
    "from formatData import loadData\n",
    "from sklearn.model_selection import train_test_split\n",
    "from gan import GenAdvNetwork\n",
    "import os\n",
    "from matplotlib import pyplot as plt"
   ]
  },
  {
   "cell_type": "code",
   "execution_count": 2,
   "metadata": {},
   "outputs": [
    {
     "name": "stdout",
     "output_type": "stream",
     "text": [
      "input data size: (10000, 78)\n",
      "output data size: (10000,)\n",
      "Training data size: (9000, 78)\n",
      "Test data size: (1000, 78)\n"
     ]
    }
   ],
   "source": [
    "\"\"\"\n",
    "Loading data\n",
    "Note than we can only specify absolute location of the raw data\n",
    "\"\"\"\n",
    "molRep2D, energies = loadData(12, \"/home/panthibivek/thesis/GAN_pkg/data/traj.xyz\")\n",
    "#randomize the data and split it into training and test set\n",
    "# unison_shuffle(molRep2D, energies)\n",
    "X_train, X_test, y_train, y_test = train_test_split(molRep2D,energies,\n",
    "                                   random_state=104, \n",
    "                                   test_size=0.1, \n",
    "                                   shuffle=True)\n",
    "\n",
    "print(\"Training data size:\", X_train.shape)\n",
    "print(\"Test data size:\", X_test.shape)"
   ]
  },
  {
   "cell_type": "code",
   "execution_count": 3,
   "metadata": {},
   "outputs": [
    {
     "name": "stderr",
     "output_type": "stream",
     "text": [
      "2023-03-15 23:52:06.716367: I tensorflow/compiler/xla/stream_executor/rocm/rocm_gpu_executor.cc:843] successful NUMA node read from SysFS had negative value (-1), but there must be at least one NUMA node, so returning NUMA node zero\n",
      "2023-03-15 23:52:06.716441: I tensorflow/compiler/xla/stream_executor/rocm/rocm_gpu_executor.cc:843] successful NUMA node read from SysFS had negative value (-1), but there must be at least one NUMA node, so returning NUMA node zero\n",
      "2023-03-15 23:52:06.763640: I tensorflow/compiler/xla/stream_executor/rocm/rocm_gpu_executor.cc:843] successful NUMA node read from SysFS had negative value (-1), but there must be at least one NUMA node, so returning NUMA node zero\n",
      "2023-03-15 23:52:06.763711: I tensorflow/compiler/xla/stream_executor/rocm/rocm_gpu_executor.cc:843] successful NUMA node read from SysFS had negative value (-1), but there must be at least one NUMA node, so returning NUMA node zero\n",
      "2023-03-15 23:52:06.763756: I tensorflow/compiler/xla/stream_executor/rocm/rocm_gpu_executor.cc:843] successful NUMA node read from SysFS had negative value (-1), but there must be at least one NUMA node, so returning NUMA node zero\n",
      "2023-03-15 23:52:06.763783: I tensorflow/core/common_runtime/gpu/gpu_device.cc:1990] Ignoring visible gpu device (device: 0, name: AMD Radeon RX 6700S, pci bus id: 0000:03:00.0) with AMDGPU version : gfx1032. The supported AMDGPU versions are gfx1030, gfx900, gfx906, gfx908, gfx90a.\n",
      "2023-03-15 23:52:06.763824: I tensorflow/compiler/xla/stream_executor/rocm/rocm_gpu_executor.cc:843] successful NUMA node read from SysFS had negative value (-1), but there must be at least one NUMA node, so returning NUMA node zero\n",
      "2023-03-15 23:52:06.763832: I tensorflow/core/common_runtime/gpu/gpu_device.cc:1990] Ignoring visible gpu device (device: 1, name: , pci bus id: 0000:07:00.0) with AMDGPU version : gfx1035. The supported AMDGPU versions are gfx1030, gfx900, gfx906, gfx908, gfx90a.\n",
      "2023-03-15 23:52:06.764173: I tensorflow/core/platform/cpu_feature_guard.cc:193] This TensorFlow binary is optimized with oneAPI Deep Neural Network Library (oneDNN) to use the following CPU instructions in performance-critical operations:  SSE3 SSE4.1 SSE4.2 AVX AVX2 FMA\n",
      "To enable them in other operations, rebuild TensorFlow with the appropriate compiler flags.\n",
      "2023-03-15 23:52:06.777806: I tensorflow/core/common_runtime/gpu_fusion_pass.cc:507] ROCm Fusion is enabled.\n",
      "2023-03-15 23:52:06.779622: I tensorflow/core/common_runtime/gpu_fusion_pass.cc:507] ROCm Fusion is enabled.\n",
      "2023-03-15 23:52:06.780348: I tensorflow/core/common_runtime/gpu_fusion_pass.cc:507] ROCm Fusion is enabled.\n",
      "2023-03-15 23:52:06.780766: I tensorflow/core/common_runtime/gpu_fusion_pass.cc:507] ROCm Fusion is enabled.\n",
      "2023-03-15 23:52:06.781259: I tensorflow/core/common_runtime/gpu_fusion_pass.cc:507] ROCm Fusion is enabled.\n",
      "2023-03-15 23:52:06.782523: I tensorflow/core/common_runtime/gpu_fusion_pass.cc:507] ROCm Fusion is enabled.\n",
      "2023-03-15 23:52:06.783192: I tensorflow/core/common_runtime/gpu_fusion_pass.cc:507] ROCm Fusion is enabled.\n"
     ]
    }
   ],
   "source": [
    "latent_dim_ = 78\n",
    "epochs_ = 50\n",
    "batch_size_ = 32\n",
    "y_train = np.reshape(y_train, (-1, 1))\n",
    "X_train = np.array(X_train)\n",
    "X_train = X_train.astype(float)\n",
    "X_train = np.reshape(X_train, (-1, 78, 1))\n",
    "dataset = tf.data.Dataset.from_tensor_slices((X_train, y_train))\n",
    "dataset = dataset.shuffle(buffer_size=100).batch(batch_size_)"
   ]
  },
  {
   "cell_type": "code",
   "execution_count": 4,
   "metadata": {},
   "outputs": [
    {
     "name": "stdout",
     "output_type": "stream",
     "text": [
      "Model: \"generator\"\n",
      "_________________________________________________________________\n",
      " Layer (type)                Output Shape              Param #   \n",
      "=================================================================\n",
      " dense (Dense)               (None, 13)                1027      \n",
      "                                                                 \n",
      " leaky_re_lu (LeakyReLU)     (None, 13)                0         \n",
      "                                                                 \n",
      " reshape (Reshape)           (None, 13, 1)             0         \n",
      "                                                                 \n",
      " conv1d_transpose (Conv1DTra  (None, 39, 128)          640       \n",
      " nspose)                                                         \n",
      "                                                                 \n",
      " leaky_re_lu_1 (LeakyReLU)   (None, 39, 128)           0         \n",
      "                                                                 \n",
      " batch_normalization (BatchN  (None, 39, 128)          512       \n",
      " ormalization)                                                   \n",
      "                                                                 \n",
      " conv1d_transpose_1 (Conv1DT  (None, 78, 264)          135432    \n",
      " ranspose)                                                       \n",
      "                                                                 \n",
      " leaky_re_lu_2 (LeakyReLU)   (None, 78, 264)           0         \n",
      "                                                                 \n",
      " batch_normalization_1 (Batc  (None, 78, 264)          1056      \n",
      " hNormalization)                                                 \n",
      "                                                                 \n",
      " conv1d (Conv1D)             (None, 78, 1)             1057      \n",
      "                                                                 \n",
      "=================================================================\n",
      "Total params: 139,724\n",
      "Trainable params: 138,940\n",
      "Non-trainable params: 784\n",
      "_________________________________________________________________\n"
     ]
    },
    {
     "name": "stderr",
     "output_type": "stream",
     "text": [
      "2023-03-15 23:52:06.851598: I tensorflow/core/common_runtime/gpu_fusion_pass.cc:507] ROCm Fusion is enabled.\n",
      "2023-03-15 23:52:06.852799: I tensorflow/core/common_runtime/gpu_fusion_pass.cc:507] ROCm Fusion is enabled.\n",
      "2023-03-15 23:52:06.861412: I tensorflow/core/common_runtime/gpu_fusion_pass.cc:507] ROCm Fusion is enabled.\n",
      "2023-03-15 23:52:06.862037: I tensorflow/core/common_runtime/gpu_fusion_pass.cc:507] ROCm Fusion is enabled.\n",
      "2023-03-15 23:52:06.865522: I tensorflow/core/common_runtime/gpu_fusion_pass.cc:507] ROCm Fusion is enabled.\n",
      "2023-03-15 23:52:06.866177: I tensorflow/core/common_runtime/gpu_fusion_pass.cc:507] ROCm Fusion is enabled.\n",
      "2023-03-15 23:52:06.867049: I tensorflow/core/common_runtime/gpu_fusion_pass.cc:507] ROCm Fusion is enabled.\n",
      "2023-03-15 23:52:06.867664: I tensorflow/core/common_runtime/gpu_fusion_pass.cc:507] ROCm Fusion is enabled.\n",
      "2023-03-15 23:52:06.868144: I tensorflow/core/common_runtime/gpu_fusion_pass.cc:507] ROCm Fusion is enabled.\n",
      "2023-03-15 23:52:06.868627: I tensorflow/core/common_runtime/gpu_fusion_pass.cc:507] ROCm Fusion is enabled.\n",
      "2023-03-15 23:52:06.869125: I tensorflow/core/common_runtime/gpu_fusion_pass.cc:507] ROCm Fusion is enabled.\n",
      "2023-03-15 23:52:06.870650: I tensorflow/core/common_runtime/gpu_fusion_pass.cc:507] ROCm Fusion is enabled.\n",
      "2023-03-15 23:52:06.871354: I tensorflow/core/common_runtime/gpu_fusion_pass.cc:507] ROCm Fusion is enabled.\n",
      "2023-03-15 23:52:06.871922: I tensorflow/core/common_runtime/gpu_fusion_pass.cc:507] ROCm Fusion is enabled.\n",
      "2023-03-15 23:52:06.885127: I tensorflow/core/common_runtime/gpu_fusion_pass.cc:507] ROCm Fusion is enabled.\n",
      "2023-03-15 23:52:06.885658: I tensorflow/core/common_runtime/gpu_fusion_pass.cc:507] ROCm Fusion is enabled.\n",
      "2023-03-15 23:52:06.886469: I tensorflow/core/common_runtime/gpu_fusion_pass.cc:507] ROCm Fusion is enabled.\n",
      "2023-03-15 23:52:06.886954: I tensorflow/core/common_runtime/gpu_fusion_pass.cc:507] ROCm Fusion is enabled.\n",
      "2023-03-15 23:52:06.922805: I tensorflow/core/common_runtime/gpu_fusion_pass.cc:507] ROCm Fusion is enabled.\n",
      "2023-03-15 23:52:06.923458: I tensorflow/core/common_runtime/gpu_fusion_pass.cc:507] ROCm Fusion is enabled.\n",
      "2023-03-15 23:52:06.924458: I tensorflow/core/common_runtime/gpu_fusion_pass.cc:507] ROCm Fusion is enabled.\n",
      "2023-03-15 23:52:06.924939: I tensorflow/core/common_runtime/gpu_fusion_pass.cc:507] ROCm Fusion is enabled.\n",
      "2023-03-15 23:52:06.948945: I tensorflow/core/common_runtime/gpu_fusion_pass.cc:507] ROCm Fusion is enabled.\n",
      "2023-03-15 23:52:06.949529: I tensorflow/core/common_runtime/gpu_fusion_pass.cc:507] ROCm Fusion is enabled.\n",
      "2023-03-15 23:52:06.950326: I tensorflow/core/common_runtime/gpu_fusion_pass.cc:507] ROCm Fusion is enabled.\n",
      "2023-03-15 23:52:06.950781: I tensorflow/core/common_runtime/gpu_fusion_pass.cc:507] ROCm Fusion is enabled.\n",
      "2023-03-15 23:52:06.978455: I tensorflow/core/common_runtime/gpu_fusion_pass.cc:507] ROCm Fusion is enabled.\n",
      "2023-03-15 23:52:06.979210: I tensorflow/core/common_runtime/gpu_fusion_pass.cc:507] ROCm Fusion is enabled.\n"
     ]
    },
    {
     "name": "stdout",
     "output_type": "stream",
     "text": [
      "Model: \"discriminator\"\n",
      "_________________________________________________________________\n",
      " Layer (type)                Output Shape              Param #   \n",
      "=================================================================\n",
      " conv1d_1 (Conv1D)           (None, 26, 64)            320       \n",
      "                                                                 \n",
      " leaky_re_lu_3 (LeakyReLU)   (None, 26, 64)            0         \n",
      "                                                                 \n",
      " conv1d_2 (Conv1D)           (None, 13, 128)           32896     \n",
      "                                                                 \n",
      " leaky_re_lu_4 (LeakyReLU)   (None, 13, 128)           0         \n",
      "                                                                 \n",
      " batch_normalization_2 (Batc  (None, 13, 128)          512       \n",
      " hNormalization)                                                 \n",
      "                                                                 \n",
      " flatten (Flatten)           (None, 1664)              0         \n",
      "                                                                 \n",
      " dense_1 (Dense)             (None, 1)                 1665      \n",
      "                                                                 \n",
      "=================================================================\n",
      "Total params: 35,393\n",
      "Trainable params: 35,137\n",
      "Non-trainable params: 256\n",
      "_________________________________________________________________\n"
     ]
    },
    {
     "name": "stderr",
     "output_type": "stream",
     "text": [
      "2023-03-15 23:52:06.980544: I tensorflow/core/common_runtime/gpu_fusion_pass.cc:507] ROCm Fusion is enabled.\n",
      "2023-03-15 23:52:06.981091: I tensorflow/core/common_runtime/gpu_fusion_pass.cc:507] ROCm Fusion is enabled.\n",
      "2023-03-15 23:52:06.991811: I tensorflow/core/common_runtime/gpu_fusion_pass.cc:507] ROCm Fusion is enabled.\n",
      "2023-03-15 23:52:06.992582: I tensorflow/core/common_runtime/gpu_fusion_pass.cc:507] ROCm Fusion is enabled.\n",
      "2023-03-15 23:52:07.011146: I tensorflow/core/common_runtime/gpu_fusion_pass.cc:507] ROCm Fusion is enabled.\n",
      "2023-03-15 23:52:07.011758: I tensorflow/core/common_runtime/gpu_fusion_pass.cc:507] ROCm Fusion is enabled.\n",
      "2023-03-15 23:52:07.027051: I tensorflow/core/common_runtime/gpu_fusion_pass.cc:507] ROCm Fusion is enabled.\n",
      "2023-03-15 23:52:07.027594: I tensorflow/core/common_runtime/gpu_fusion_pass.cc:507] ROCm Fusion is enabled.\n",
      "2023-03-15 23:52:07.035955: I tensorflow/core/common_runtime/gpu_fusion_pass.cc:507] ROCm Fusion is enabled.\n",
      "2023-03-15 23:52:07.036972: I tensorflow/core/common_runtime/gpu_fusion_pass.cc:507] ROCm Fusion is enabled.\n",
      "2023-03-15 23:52:07.037644: I tensorflow/core/common_runtime/gpu_fusion_pass.cc:507] ROCm Fusion is enabled.\n",
      "2023-03-15 23:52:07.038215: I tensorflow/core/common_runtime/gpu_fusion_pass.cc:507] ROCm Fusion is enabled.\n",
      "2023-03-15 23:52:07.039369: I tensorflow/core/common_runtime/gpu_fusion_pass.cc:507] ROCm Fusion is enabled.\n",
      "2023-03-15 23:52:07.041075: I tensorflow/core/common_runtime/gpu_fusion_pass.cc:507] ROCm Fusion is enabled.\n",
      "2023-03-15 23:52:07.041778: I tensorflow/core/common_runtime/gpu_fusion_pass.cc:507] ROCm Fusion is enabled.\n",
      "2023-03-15 23:52:07.042170: I tensorflow/core/common_runtime/gpu_fusion_pass.cc:507] ROCm Fusion is enabled.\n"
     ]
    },
    {
     "name": "stdout",
     "output_type": "stream",
     "text": [
      "Epoch 1/50\n"
     ]
    },
    {
     "name": "stderr",
     "output_type": "stream",
     "text": [
      "2023-03-15 23:52:07.063852: I tensorflow/core/common_runtime/gpu_fusion_pass.cc:507] ROCm Fusion is enabled.\n",
      "2023-03-15 23:52:07.066224: I tensorflow/core/common_runtime/gpu_fusion_pass.cc:507] ROCm Fusion is enabled.\n",
      "2023-03-15 23:52:07.068462: I tensorflow/core/common_runtime/gpu_fusion_pass.cc:507] ROCm Fusion is enabled.\n",
      "2023-03-15 23:52:07.069114: I tensorflow/core/common_runtime/gpu_fusion_pass.cc:507] ROCm Fusion is enabled.\n",
      "2023-03-15 23:52:07.069852: I tensorflow/core/common_runtime/gpu_fusion_pass.cc:507] ROCm Fusion is enabled.\n",
      "2023-03-15 23:52:07.070505: I tensorflow/core/common_runtime/gpu_fusion_pass.cc:507] ROCm Fusion is enabled.\n",
      "2023-03-15 23:52:07.070970: I tensorflow/core/common_runtime/gpu_fusion_pass.cc:507] ROCm Fusion is enabled.\n",
      "2023-03-15 23:52:07.072229: I tensorflow/core/common_runtime/gpu_fusion_pass.cc:507] ROCm Fusion is enabled.\n",
      "2023-03-15 23:52:07.072687: I tensorflow/core/common_runtime/gpu_fusion_pass.cc:507] ROCm Fusion is enabled.\n",
      "2023-03-15 23:52:07.073483: I tensorflow/core/common_runtime/gpu_fusion_pass.cc:507] ROCm Fusion is enabled.\n",
      "2023-03-15 23:52:07.074075: I tensorflow/core/common_runtime/gpu_fusion_pass.cc:507] ROCm Fusion is enabled.\n",
      "2023-03-15 23:52:07.074740: I tensorflow/core/common_runtime/gpu_fusion_pass.cc:507] ROCm Fusion is enabled.\n",
      "2023-03-15 23:52:07.075472: I tensorflow/core/common_runtime/gpu_fusion_pass.cc:507] ROCm Fusion is enabled.\n",
      "2023-03-15 23:52:07.076087: I tensorflow/core/common_runtime/gpu_fusion_pass.cc:507] ROCm Fusion is enabled.\n",
      "2023-03-15 23:52:07.077268: I tensorflow/core/common_runtime/gpu_fusion_pass.cc:507] ROCm Fusion is enabled.\n",
      "2023-03-15 23:52:07.077857: I tensorflow/core/common_runtime/gpu_fusion_pass.cc:507] ROCm Fusion is enabled.\n",
      "2023-03-15 23:52:07.078292: I tensorflow/core/common_runtime/gpu_fusion_pass.cc:507] ROCm Fusion is enabled.\n",
      "2023-03-15 23:52:07.078929: I tensorflow/core/common_runtime/gpu_fusion_pass.cc:507] ROCm Fusion is enabled.\n",
      "2023-03-15 23:52:07.079581: I tensorflow/core/common_runtime/gpu_fusion_pass.cc:507] ROCm Fusion is enabled.\n",
      "2023-03-15 23:52:07.080229: I tensorflow/core/common_runtime/gpu_fusion_pass.cc:507] ROCm Fusion is enabled.\n",
      "2023-03-15 23:52:07.080753: I tensorflow/core/common_runtime/gpu_fusion_pass.cc:507] ROCm Fusion is enabled.\n",
      "2023-03-15 23:52:07.081491: I tensorflow/core/common_runtime/gpu_fusion_pass.cc:507] ROCm Fusion is enabled.\n",
      "2023-03-15 23:52:07.081913: I tensorflow/core/common_runtime/gpu_fusion_pass.cc:507] ROCm Fusion is enabled.\n",
      "2023-03-15 23:52:07.083134: I tensorflow/core/common_runtime/gpu_fusion_pass.cc:507] ROCm Fusion is enabled.\n",
      "2023-03-15 23:52:07.084600: I tensorflow/core/common_runtime/gpu_fusion_pass.cc:507] ROCm Fusion is enabled.\n",
      "2023-03-15 23:52:07.085438: I tensorflow/core/common_runtime/gpu_fusion_pass.cc:507] ROCm Fusion is enabled.\n",
      "2023-03-15 23:52:07.089228: I tensorflow/core/common_runtime/gpu_fusion_pass.cc:507] ROCm Fusion is enabled.\n",
      "2023-03-15 23:52:07.092104: I tensorflow/core/common_runtime/gpu_fusion_pass.cc:507] ROCm Fusion is enabled.\n",
      "2023-03-15 23:52:07.092813: I tensorflow/core/common_runtime/gpu_fusion_pass.cc:507] ROCm Fusion is enabled.\n",
      "2023-03-15 23:52:07.094010: I tensorflow/core/common_runtime/gpu_fusion_pass.cc:507] ROCm Fusion is enabled.\n",
      "2023-03-15 23:52:07.094504: I tensorflow/core/common_runtime/gpu_fusion_pass.cc:507] ROCm Fusion is enabled.\n",
      "2023-03-15 23:52:07.094973: I tensorflow/core/common_runtime/gpu_fusion_pass.cc:507] ROCm Fusion is enabled.\n",
      "2023-03-15 23:52:07.095698: I tensorflow/core/common_runtime/gpu_fusion_pass.cc:507] ROCm Fusion is enabled.\n",
      "2023-03-15 23:52:07.096836: I tensorflow/core/common_runtime/gpu_fusion_pass.cc:507] ROCm Fusion is enabled.\n",
      "2023-03-15 23:52:07.097254: I tensorflow/core/common_runtime/gpu_fusion_pass.cc:507] ROCm Fusion is enabled.\n",
      "2023-03-15 23:52:07.097885: I tensorflow/core/common_runtime/gpu_fusion_pass.cc:507] ROCm Fusion is enabled.\n",
      "2023-03-15 23:52:07.098301: I tensorflow/core/common_runtime/gpu_fusion_pass.cc:507] ROCm Fusion is enabled.\n",
      "2023-03-15 23:52:07.098808: I tensorflow/core/common_runtime/gpu_fusion_pass.cc:507] ROCm Fusion is enabled.\n",
      "2023-03-15 23:52:07.099870: I tensorflow/core/common_runtime/gpu_fusion_pass.cc:507] ROCm Fusion is enabled.\n",
      "2023-03-15 23:52:07.100914: I tensorflow/core/common_runtime/gpu_fusion_pass.cc:507] ROCm Fusion is enabled.\n",
      "2023-03-15 23:52:07.101577: I tensorflow/core/common_runtime/gpu_fusion_pass.cc:507] ROCm Fusion is enabled.\n",
      "2023-03-15 23:52:07.102870: I tensorflow/core/common_runtime/gpu_fusion_pass.cc:507] ROCm Fusion is enabled.\n",
      "2023-03-15 23:52:07.103938: I tensorflow/core/common_runtime/gpu_fusion_pass.cc:507] ROCm Fusion is enabled.\n",
      "2023-03-15 23:52:07.104486: I tensorflow/core/common_runtime/gpu_fusion_pass.cc:507] ROCm Fusion is enabled.\n",
      "2023-03-15 23:52:07.106734: I tensorflow/core/common_runtime/gpu_fusion_pass.cc:507] ROCm Fusion is enabled.\n",
      "2023-03-15 23:52:07.107240: I tensorflow/core/common_runtime/gpu_fusion_pass.cc:507] ROCm Fusion is enabled.\n",
      "2023-03-15 23:52:07.108324: I tensorflow/core/common_runtime/gpu_fusion_pass.cc:507] ROCm Fusion is enabled.\n",
      "2023-03-15 23:52:07.108757: I tensorflow/core/common_runtime/gpu_fusion_pass.cc:507] ROCm Fusion is enabled.\n",
      "2023-03-15 23:52:07.109704: I tensorflow/core/common_runtime/gpu_fusion_pass.cc:507] ROCm Fusion is enabled.\n",
      "2023-03-15 23:52:07.110551: I tensorflow/core/common_runtime/gpu_fusion_pass.cc:507] ROCm Fusion is enabled.\n",
      "2023-03-15 23:52:07.111248: I tensorflow/core/common_runtime/gpu_fusion_pass.cc:507] ROCm Fusion is enabled.\n",
      "2023-03-15 23:52:07.111675: I tensorflow/core/common_runtime/gpu_fusion_pass.cc:507] ROCm Fusion is enabled.\n",
      "2023-03-15 23:52:07.112453: I tensorflow/core/common_runtime/gpu_fusion_pass.cc:507] ROCm Fusion is enabled.\n",
      "2023-03-15 23:52:07.113706: I tensorflow/core/common_runtime/gpu_fusion_pass.cc:507] ROCm Fusion is enabled.\n",
      "2023-03-15 23:52:07.114994: I tensorflow/core/common_runtime/gpu_fusion_pass.cc:507] ROCm Fusion is enabled.\n",
      "2023-03-15 23:52:07.115596: I tensorflow/core/common_runtime/gpu_fusion_pass.cc:507] ROCm Fusion is enabled.\n",
      "2023-03-15 23:52:07.117270: I tensorflow/core/common_runtime/gpu_fusion_pass.cc:507] ROCm Fusion is enabled.\n",
      "2023-03-15 23:52:07.118150: I tensorflow/core/common_runtime/gpu_fusion_pass.cc:507] ROCm Fusion is enabled.\n",
      "2023-03-15 23:52:07.121356: I tensorflow/core/common_runtime/gpu_fusion_pass.cc:507] ROCm Fusion is enabled.\n",
      "2023-03-15 23:52:07.122186: I tensorflow/core/common_runtime/gpu_fusion_pass.cc:507] ROCm Fusion is enabled.\n",
      "2023-03-15 23:52:07.122724: I tensorflow/core/common_runtime/gpu_fusion_pass.cc:507] ROCm Fusion is enabled.\n",
      "2023-03-15 23:52:07.124118: I tensorflow/core/common_runtime/gpu_fusion_pass.cc:507] ROCm Fusion is enabled.\n",
      "2023-03-15 23:52:07.125078: I tensorflow/core/common_runtime/gpu_fusion_pass.cc:507] ROCm Fusion is enabled.\n",
      "2023-03-15 23:52:07.125570: I tensorflow/core/common_runtime/gpu_fusion_pass.cc:507] ROCm Fusion is enabled.\n",
      "2023-03-15 23:52:07.126093: I tensorflow/core/common_runtime/gpu_fusion_pass.cc:507] ROCm Fusion is enabled.\n",
      "2023-03-15 23:52:07.127720: I tensorflow/core/common_runtime/gpu_fusion_pass.cc:507] ROCm Fusion is enabled.\n",
      "2023-03-15 23:52:07.128672: I tensorflow/core/common_runtime/gpu_fusion_pass.cc:507] ROCm Fusion is enabled.\n",
      "2023-03-15 23:52:07.129545: I tensorflow/core/common_runtime/gpu_fusion_pass.cc:507] ROCm Fusion is enabled.\n",
      "2023-03-15 23:52:07.130619: I tensorflow/core/common_runtime/gpu_fusion_pass.cc:507] ROCm Fusion is enabled.\n",
      "2023-03-15 23:52:07.132434: I tensorflow/core/common_runtime/gpu_fusion_pass.cc:507] ROCm Fusion is enabled.\n",
      "2023-03-15 23:52:07.133366: I tensorflow/core/common_runtime/gpu_fusion_pass.cc:507] ROCm Fusion is enabled.\n",
      "2023-03-15 23:52:07.139227: I tensorflow/core/common_runtime/gpu_fusion_pass.cc:507] ROCm Fusion is enabled.\n",
      "2023-03-15 23:52:07.140151: I tensorflow/core/common_runtime/gpu_fusion_pass.cc:507] ROCm Fusion is enabled.\n",
      "2023-03-15 23:52:07.140663: I tensorflow/core/common_runtime/gpu_fusion_pass.cc:507] ROCm Fusion is enabled.\n",
      "2023-03-15 23:52:07.141723: I tensorflow/core/common_runtime/gpu_fusion_pass.cc:507] ROCm Fusion is enabled.\n",
      "2023-03-15 23:52:07.142150: I tensorflow/core/common_runtime/gpu_fusion_pass.cc:507] ROCm Fusion is enabled.\n",
      "2023-03-15 23:52:07.142887: I tensorflow/core/common_runtime/gpu_fusion_pass.cc:507] ROCm Fusion is enabled.\n",
      "2023-03-15 23:52:07.143746: I tensorflow/core/common_runtime/gpu_fusion_pass.cc:507] ROCm Fusion is enabled.\n",
      "2023-03-15 23:52:07.144678: I tensorflow/core/common_runtime/gpu_fusion_pass.cc:507] ROCm Fusion is enabled.\n",
      "2023-03-15 23:52:07.145681: I tensorflow/core/common_runtime/gpu_fusion_pass.cc:507] ROCm Fusion is enabled.\n",
      "2023-03-15 23:52:07.146417: I tensorflow/core/common_runtime/gpu_fusion_pass.cc:507] ROCm Fusion is enabled.\n",
      "2023-03-15 23:52:07.147424: I tensorflow/core/common_runtime/gpu_fusion_pass.cc:507] ROCm Fusion is enabled.\n",
      "2023-03-15 23:52:07.148240: I tensorflow/core/common_runtime/gpu_fusion_pass.cc:507] ROCm Fusion is enabled.\n",
      "2023-03-15 23:52:07.149155: I tensorflow/core/common_runtime/gpu_fusion_pass.cc:507] ROCm Fusion is enabled.\n",
      "2023-03-15 23:52:07.149831: I tensorflow/core/common_runtime/gpu_fusion_pass.cc:507] ROCm Fusion is enabled.\n",
      "2023-03-15 23:52:07.152364: I tensorflow/core/common_runtime/gpu_fusion_pass.cc:507] ROCm Fusion is enabled.\n",
      "2023-03-15 23:52:07.153049: I tensorflow/core/common_runtime/gpu_fusion_pass.cc:507] ROCm Fusion is enabled.\n",
      "2023-03-15 23:52:07.154027: I tensorflow/core/common_runtime/gpu_fusion_pass.cc:507] ROCm Fusion is enabled.\n",
      "2023-03-15 23:52:07.154768: I tensorflow/core/common_runtime/gpu_fusion_pass.cc:507] ROCm Fusion is enabled.\n",
      "2023-03-15 23:52:07.155309: I tensorflow/core/common_runtime/gpu_fusion_pass.cc:507] ROCm Fusion is enabled.\n",
      "2023-03-15 23:52:07.166323: I tensorflow/core/common_runtime/gpu_fusion_pass.cc:507] ROCm Fusion is enabled.\n",
      "2023-03-15 23:52:07.167656: I tensorflow/core/common_runtime/gpu_fusion_pass.cc:507] ROCm Fusion is enabled.\n",
      "2023-03-15 23:52:07.168493: I tensorflow/core/common_runtime/gpu_fusion_pass.cc:507] ROCm Fusion is enabled.\n",
      "2023-03-15 23:52:07.171097: I tensorflow/core/common_runtime/gpu_fusion_pass.cc:507] ROCm Fusion is enabled.\n"
     ]
    },
    {
     "name": "stdout",
     "output_type": "stream",
     "text": [
      "  1/282 [..............................] - ETA: 40s - g_loss: 7.2609 - d_loss: 0.6714"
     ]
    },
    {
     "name": "stderr",
     "output_type": "stream",
     "text": [
      "2023-03-15 23:52:07.191830: I tensorflow/core/common_runtime/gpu_fusion_pass.cc:507] ROCm Fusion is enabled.\n",
      "2023-03-15 23:52:07.192851: I tensorflow/core/common_runtime/gpu_fusion_pass.cc:507] ROCm Fusion is enabled.\n",
      "2023-03-15 23:52:07.193783: I tensorflow/core/common_runtime/gpu_fusion_pass.cc:507] ROCm Fusion is enabled.\n",
      "2023-03-15 23:52:07.194483: I tensorflow/core/common_runtime/gpu_fusion_pass.cc:507] ROCm Fusion is enabled.\n",
      "2023-03-15 23:52:07.195510: I tensorflow/core/common_runtime/gpu_fusion_pass.cc:507] ROCm Fusion is enabled.\n",
      "2023-03-15 23:52:07.196286: I tensorflow/core/common_runtime/gpu_fusion_pass.cc:507] ROCm Fusion is enabled.\n",
      "2023-03-15 23:52:07.200098: I tensorflow/core/common_runtime/gpu_fusion_pass.cc:507] ROCm Fusion is enabled.\n",
      "2023-03-15 23:52:07.201294: I tensorflow/core/common_runtime/gpu_fusion_pass.cc:507] ROCm Fusion is enabled.\n",
      "2023-03-15 23:52:07.202235: I tensorflow/core/common_runtime/gpu_fusion_pass.cc:507] ROCm Fusion is enabled.\n",
      "2023-03-15 23:52:07.202922: I tensorflow/core/common_runtime/gpu_fusion_pass.cc:507] ROCm Fusion is enabled.\n",
      "2023-03-15 23:52:07.205444: I tensorflow/core/common_runtime/gpu_fusion_pass.cc:507] ROCm Fusion is enabled.\n",
      "2023-03-15 23:52:07.206143: I tensorflow/core/common_runtime/gpu_fusion_pass.cc:507] ROCm Fusion is enabled.\n",
      "2023-03-15 23:52:07.207805: I tensorflow/core/common_runtime/gpu_fusion_pass.cc:507] ROCm Fusion is enabled.\n"
     ]
    },
    {
     "name": "stdout",
     "output_type": "stream",
     "text": [
      "282/282 [==============================] - 18s 64ms/step - g_loss: 6.5271 - d_loss: 0.0621\n",
      "Epoch 2/50\n",
      "282/282 [==============================] - 18s 64ms/step - g_loss: 3.9025 - d_loss: 1.7158e-04\n",
      "Epoch 3/50\n",
      "282/282 [==============================] - 18s 65ms/step - g_loss: 3.2503 - d_loss: 1.1693e-04\n",
      "Epoch 4/50\n",
      "282/282 [==============================] - 18s 65ms/step - g_loss: 2.9826 - d_loss: 1.0731e-04\n",
      "Epoch 5/50\n",
      "282/282 [==============================] - 18s 65ms/step - g_loss: 2.7997 - d_loss: 1.2585e-05\n",
      "Epoch 6/50\n",
      "282/282 [==============================] - 18s 65ms/step - g_loss: 2.6428 - d_loss: 0.0021\n",
      "Epoch 7/50\n",
      "282/282 [==============================] - 18s 64ms/step - g_loss: 2.5527 - d_loss: 2.1621e-05\n",
      "Epoch 8/50\n",
      "282/282 [==============================] - 18s 64ms/step - g_loss: 2.4110 - d_loss: 7.7573e-05\n",
      "Epoch 9/50\n",
      "282/282 [==============================] - 18s 65ms/step - g_loss: 2.1839 - d_loss: 0.0016\n",
      "Epoch 10/50\n",
      "282/282 [==============================] - 18s 65ms/step - g_loss: 2.1321 - d_loss: 5.9327e-04\n",
      "Epoch 11/50\n",
      "282/282 [==============================] - 18s 65ms/step - g_loss: 2.0726 - d_loss: 0.0026\n",
      "Epoch 12/50\n",
      "282/282 [==============================] - 18s 65ms/step - g_loss: 2.0283 - d_loss: 2.0206e-04\n",
      "Epoch 13/50\n",
      "282/282 [==============================] - 18s 65ms/step - g_loss: 1.9901 - d_loss: 1.0428e-04\n",
      "Epoch 14/50\n",
      "282/282 [==============================] - 18s 65ms/step - g_loss: 1.9248 - d_loss: 3.9627e-05\n",
      "Epoch 15/50\n",
      "282/282 [==============================] - 18s 65ms/step - g_loss: 1.8728 - d_loss: 1.7417e-05\n",
      "Epoch 16/50\n",
      "282/282 [==============================] - 18s 65ms/step - g_loss: 1.8155 - d_loss: 3.6466e-05\n",
      "Epoch 17/50\n",
      "282/282 [==============================] - 18s 65ms/step - g_loss: 1.7586 - d_loss: 3.8651e-05\n",
      "Epoch 18/50\n",
      "282/282 [==============================] - 18s 65ms/step - g_loss: 1.7075 - d_loss: 1.4683e-04\n",
      "Epoch 19/50\n",
      "282/282 [==============================] - 18s 65ms/step - g_loss: 1.6564 - d_loss: 2.6116e-06\n",
      "Epoch 20/50\n",
      "282/282 [==============================] - 18s 65ms/step - g_loss: 1.6360 - d_loss: 2.0469e-06\n",
      "Epoch 21/50\n",
      "282/282 [==============================] - 18s 65ms/step - g_loss: 1.5986 - d_loss: 2.3546e-06\n",
      "Epoch 22/50\n",
      "282/282 [==============================] - 18s 65ms/step - g_loss: 1.5886 - d_loss: 1.6462e-06\n",
      "Epoch 23/50\n",
      "282/282 [==============================] - 19s 66ms/step - g_loss: 1.5640 - d_loss: 1.5525e-06\n",
      "Epoch 24/50\n",
      "282/282 [==============================] - 18s 65ms/step - g_loss: 1.5494 - d_loss: 1.6753e-06\n",
      "Epoch 25/50\n",
      "282/282 [==============================] - 19s 66ms/step - g_loss: 1.5176 - d_loss: 4.1268e-06\n",
      "Epoch 26/50\n",
      "282/282 [==============================] - 19s 66ms/step - g_loss: 1.5190 - d_loss: 2.2199e-06\n",
      "Epoch 27/50\n",
      "282/282 [==============================] - 18s 65ms/step - g_loss: 1.4809 - d_loss: 1.4750e-06\n",
      "Epoch 28/50\n",
      "282/282 [==============================] - 18s 65ms/step - g_loss: 1.4619 - d_loss: 1.0403e-06\n",
      "Epoch 29/50\n",
      "282/282 [==============================] - 18s 65ms/step - g_loss: 1.4503 - d_loss: 8.4101e-07\n",
      "Epoch 30/50\n",
      "282/282 [==============================] - 18s 65ms/step - g_loss: 1.4124 - d_loss: 5.9115e-07\n",
      "Epoch 31/50\n",
      "282/282 [==============================] - 18s 65ms/step - g_loss: 1.4216 - d_loss: 1.0088e-06\n",
      "Epoch 32/50\n",
      "282/282 [==============================] - 18s 65ms/step - g_loss: 1.4044 - d_loss: 1.1045e-06\n",
      "Epoch 33/50\n",
      "282/282 [==============================] - 18s 65ms/step - g_loss: 1.4006 - d_loss: 8.1549e-07\n",
      "Epoch 34/50\n",
      "282/282 [==============================] - 18s 65ms/step - g_loss: 1.3890 - d_loss: 5.6942e-07\n",
      "Epoch 35/50\n",
      "282/282 [==============================] - 18s 65ms/step - g_loss: 1.3979 - d_loss: 7.6704e-07\n",
      "Epoch 36/50\n",
      "282/282 [==============================] - 18s 65ms/step - g_loss: 1.3969 - d_loss: 6.4152e-07\n",
      "Epoch 37/50\n",
      "282/282 [==============================] - 18s 65ms/step - g_loss: 1.3810 - d_loss: 3.4370e-07\n",
      "Epoch 38/50\n",
      "282/282 [==============================] - 18s 65ms/step - g_loss: 1.3780 - d_loss: 3.3189e-07\n",
      "Epoch 39/50\n",
      "282/282 [==============================] - 18s 65ms/step - g_loss: 1.3803 - d_loss: 2.8254e-07\n",
      "Epoch 40/50\n",
      "282/282 [==============================] - 18s 65ms/step - g_loss: 1.3759 - d_loss: 1.4825e-07\n",
      "Epoch 41/50\n",
      "282/282 [==============================] - 18s 65ms/step - g_loss: 1.3743 - d_loss: 1.6158e-07\n",
      "Epoch 42/50\n",
      "282/282 [==============================] - 18s 65ms/step - g_loss: 1.3682 - d_loss: 1.6575e-07\n",
      "Epoch 43/50\n",
      "282/282 [==============================] - 18s 65ms/step - g_loss: 1.3659 - d_loss: 1.0579e-07\n",
      "Epoch 44/50\n",
      "282/282 [==============================] - 18s 65ms/step - g_loss: 1.3760 - d_loss: 7.6664e-08\n",
      "Epoch 45/50\n",
      "282/282 [==============================] - 18s 65ms/step - g_loss: 1.3707 - d_loss: 6.9379e-08\n",
      "Epoch 46/50\n",
      "282/282 [==============================] - 18s 65ms/step - g_loss: 1.3688 - d_loss: 6.3271e-08\n",
      "Epoch 47/50\n",
      "282/282 [==============================] - 19s 66ms/step - g_loss: 1.3712 - d_loss: 9.8136e-08\n",
      "Epoch 48/50\n",
      "282/282 [==============================] - 18s 65ms/step - g_loss: 1.3569 - d_loss: 5.4287e-08\n",
      "Epoch 49/50\n",
      "282/282 [==============================] - 18s 65ms/step - g_loss: 1.3580 - d_loss: 4.0147e-08\n",
      "Epoch 50/50\n",
      "282/282 [==============================] - 18s 65ms/step - g_loss: 1.3619 - d_loss: 3.8669e-08\n"
     ]
    }
   ],
   "source": [
    "GAN_model = GenAdvNetwork(latent_dim=latent_dim_, batch_size=batch_size_)\n",
    "GAN_model.compile(\n",
    "    generator_opt=tf.keras.optimizers.Adam(learning_rate=0.001),\n",
    "    discriminator_opt=tf.keras.optimizers.Adam(learning_rate=0.001),\n",
    "    disc_loss=tf.keras.losses.BinaryCrossentropy(),\n",
    "    gen_loss=tf.keras.losses.MAE\n",
    ")\n",
    "history = GAN_model.fit(dataset, epochs=epochs_)"
   ]
  },
  {
   "cell_type": "code",
   "execution_count": 5,
   "metadata": {},
   "outputs": [
    {
     "name": "stderr",
     "output_type": "stream",
     "text": [
      "2023-03-16 00:07:23.596662: I tensorflow/core/common_runtime/gpu_fusion_pass.cc:507] ROCm Fusion is enabled.\n",
      "2023-03-16 00:07:23.623437: I tensorflow/core/common_runtime/gpu_fusion_pass.cc:507] ROCm Fusion is enabled.\n",
      "2023-03-16 00:07:23.624101: I tensorflow/core/common_runtime/gpu_fusion_pass.cc:507] ROCm Fusion is enabled.\n",
      "2023-03-16 00:07:23.624604: I tensorflow/core/common_runtime/gpu_fusion_pass.cc:507] ROCm Fusion is enabled.\n",
      "2023-03-16 00:07:23.625057: I tensorflow/core/common_runtime/gpu_fusion_pass.cc:507] ROCm Fusion is enabled.\n",
      "2023-03-16 00:07:23.625445: I tensorflow/core/common_runtime/gpu_fusion_pass.cc:507] ROCm Fusion is enabled.\n",
      "2023-03-16 00:07:23.626275: I tensorflow/core/common_runtime/gpu_fusion_pass.cc:507] ROCm Fusion is enabled.\n",
      "2023-03-16 00:07:23.626612: I tensorflow/core/common_runtime/gpu_fusion_pass.cc:507] ROCm Fusion is enabled.\n",
      "2023-03-16 00:07:23.627567: I tensorflow/core/common_runtime/gpu_fusion_pass.cc:507] ROCm Fusion is enabled.\n",
      "2023-03-16 00:07:23.627922: I tensorflow/core/common_runtime/gpu_fusion_pass.cc:507] ROCm Fusion is enabled.\n",
      "2023-03-16 00:07:23.628350: I tensorflow/core/common_runtime/gpu_fusion_pass.cc:507] ROCm Fusion is enabled.\n",
      "2023-03-16 00:07:23.628690: I tensorflow/core/common_runtime/gpu_fusion_pass.cc:507] ROCm Fusion is enabled.\n",
      "2023-03-16 00:07:23.629135: I tensorflow/core/common_runtime/gpu_fusion_pass.cc:507] ROCm Fusion is enabled.\n",
      "2023-03-16 00:07:23.629544: I tensorflow/core/common_runtime/gpu_fusion_pass.cc:507] ROCm Fusion is enabled.\n",
      "2023-03-16 00:07:23.629962: I tensorflow/core/common_runtime/gpu_fusion_pass.cc:507] ROCm Fusion is enabled.\n",
      "2023-03-16 00:07:23.630297: I tensorflow/core/common_runtime/gpu_fusion_pass.cc:507] ROCm Fusion is enabled.\n",
      "2023-03-16 00:07:23.631113: I tensorflow/core/common_runtime/gpu_fusion_pass.cc:507] ROCm Fusion is enabled.\n",
      "2023-03-16 00:07:23.631482: I tensorflow/core/common_runtime/gpu_fusion_pass.cc:507] ROCm Fusion is enabled.\n",
      "2023-03-16 00:07:23.631934: I tensorflow/core/common_runtime/gpu_fusion_pass.cc:507] ROCm Fusion is enabled.\n",
      "2023-03-16 00:07:23.632291: I tensorflow/core/common_runtime/gpu_fusion_pass.cc:507] ROCm Fusion is enabled.\n",
      "2023-03-16 00:07:23.633129: I tensorflow/core/common_runtime/gpu_fusion_pass.cc:507] ROCm Fusion is enabled.\n",
      "2023-03-16 00:07:23.633480: I tensorflow/core/common_runtime/gpu_fusion_pass.cc:507] ROCm Fusion is enabled.\n",
      "2023-03-16 00:07:23.633915: I tensorflow/core/common_runtime/gpu_fusion_pass.cc:507] ROCm Fusion is enabled.\n",
      "2023-03-16 00:07:23.634266: I tensorflow/core/common_runtime/gpu_fusion_pass.cc:507] ROCm Fusion is enabled.\n",
      "2023-03-16 00:07:23.634696: I tensorflow/core/common_runtime/gpu_fusion_pass.cc:507] ROCm Fusion is enabled.\n",
      "2023-03-16 00:07:23.635044: I tensorflow/core/common_runtime/gpu_fusion_pass.cc:507] ROCm Fusion is enabled.\n",
      "2023-03-16 00:07:23.635497: I tensorflow/core/common_runtime/gpu_fusion_pass.cc:507] ROCm Fusion is enabled.\n",
      "2023-03-16 00:07:23.635843: I tensorflow/core/common_runtime/gpu_fusion_pass.cc:507] ROCm Fusion is enabled.\n",
      "2023-03-16 00:07:23.636303: I tensorflow/core/common_runtime/gpu_fusion_pass.cc:507] ROCm Fusion is enabled.\n",
      "2023-03-16 00:07:23.636717: I tensorflow/core/common_runtime/gpu_fusion_pass.cc:507] ROCm Fusion is enabled.\n",
      "2023-03-16 00:07:23.638061: I tensorflow/core/common_runtime/gpu_fusion_pass.cc:507] ROCm Fusion is enabled.\n",
      "2023-03-16 00:07:23.638502: I tensorflow/core/common_runtime/gpu_fusion_pass.cc:507] ROCm Fusion is enabled.\n",
      "2023-03-16 00:07:23.644815: I tensorflow/core/common_runtime/gpu_fusion_pass.cc:507] ROCm Fusion is enabled.\n",
