{
 "cells": [
  {
   "cell_type": "code",
   "execution_count": 1,
   "metadata": {},
   "outputs": [
    {
     "name": "stderr",
     "output_type": "stream",
     "text": [
      "2023-03-05 21:59:09.521175: I tensorflow/core/platform/cpu_feature_guard.cc:193] This TensorFlow binary is optimized with oneAPI Deep Neural Network Library (oneDNN) to use the following CPU instructions in performance-critical operations:  SSE3 SSE4.1 SSE4.2 AVX AVX2 FMA\n",
      "To enable them in other operations, rebuild TensorFlow with the appropriate compiler flags.\n"
     ]
    }
   ],
   "source": [
    "import tensorflow as tf\n",
    "import numpy as np\n",
    "from formatData import loadData\n",
    "from sklearn.model_selection import train_test_split\n",
    "from gan import GenAdvNetwork\n",
    "import os\n",
    "from matplotlib import pyplot as plt"
   ]
  },
  {
   "cell_type": "code",
   "execution_count": 2,
   "metadata": {},
   "outputs": [
    {
     "name": "stdout",
     "output_type": "stream",
     "text": [
      "input data size: (10000, 78)\n",
      "output data size: (10000,)\n",
      "Training data size: (9000, 78)\n",
      "Test data size: (1000, 78)\n"
     ]
    }
   ],
   "source": [
    "\"\"\"\n",
    "Loading data\n",
    "Note than we can only specify absolute location of the raw data\n",
    "\"\"\"\n",
    "molRep2D, energies = loadData(12, \"/home/panthibivek/thesis/GAN_pkg/data/traj.xyz\")\n",
    "#randomize the data and split it into training and test set\n",
    "# unison_shuffle(molRep2D, energies)\n",
    "X_train, X_test, y_train, y_test = train_test_split(molRep2D,energies,\n",
    "                                   random_state=104, \n",
    "                                   test_size=0.1, \n",
    "                                   shuffle=True)\n",
    "\n",
    "print(\"Training data size:\", X_train.shape)\n",
    "print(\"Test data size:\", X_test.shape)"
   ]
  },
  {
   "cell_type": "code",
   "execution_count": 3,
   "metadata": {},
   "outputs": [
    {
     "name": "stderr",
     "output_type": "stream",
     "text": [
      "2023-03-05 21:59:11.642028: I tensorflow/compiler/xla/stream_executor/rocm/rocm_gpu_executor.cc:843] successful NUMA node read from SysFS had negative value (-1), but there must be at least one NUMA node, so returning NUMA node zero\n",
      "2023-03-05 21:59:11.642103: I tensorflow/compiler/xla/stream_executor/rocm/rocm_gpu_executor.cc:843] successful NUMA node read from SysFS had negative value (-1), but there must be at least one NUMA node, so returning NUMA node zero\n",
      "2023-03-05 21:59:11.693321: I tensorflow/compiler/xla/stream_executor/rocm/rocm_gpu_executor.cc:843] successful NUMA node read from SysFS had negative value (-1), but there must be at least one NUMA node, so returning NUMA node zero\n",
      "2023-03-05 21:59:11.693388: I tensorflow/compiler/xla/stream_executor/rocm/rocm_gpu_executor.cc:843] successful NUMA node read from SysFS had negative value (-1), but there must be at least one NUMA node, so returning NUMA node zero\n",
      "2023-03-05 21:59:11.693430: I tensorflow/compiler/xla/stream_executor/rocm/rocm_gpu_executor.cc:843] successful NUMA node read from SysFS had negative value (-1), but there must be at least one NUMA node, so returning NUMA node zero\n",
      "2023-03-05 21:59:11.693454: I tensorflow/core/common_runtime/gpu/gpu_device.cc:1990] Ignoring visible gpu device (device: 0, name: AMD Radeon RX 6700S, pci bus id: 0000:03:00.0) with AMDGPU version : gfx1032. The supported AMDGPU versions are gfx1030, gfx900, gfx906, gfx908, gfx90a.\n",
      "2023-03-05 21:59:11.693492: I tensorflow/compiler/xla/stream_executor/rocm/rocm_gpu_executor.cc:843] successful NUMA node read from SysFS had negative value (-1), but there must be at least one NUMA node, so returning NUMA node zero\n",
      "2023-03-05 21:59:11.693501: I tensorflow/core/common_runtime/gpu/gpu_device.cc:1990] Ignoring visible gpu device (device: 1, name: , pci bus id: 0000:07:00.0) with AMDGPU version : gfx1035. The supported AMDGPU versions are gfx1030, gfx900, gfx906, gfx908, gfx90a.\n",
      "2023-03-05 21:59:11.693868: I tensorflow/core/platform/cpu_feature_guard.cc:193] This TensorFlow binary is optimized with oneAPI Deep Neural Network Library (oneDNN) to use the following CPU instructions in performance-critical operations:  SSE3 SSE4.1 SSE4.2 AVX AVX2 FMA\n",
      "To enable them in other operations, rebuild TensorFlow with the appropriate compiler flags.\n",
      "2023-03-05 21:59:11.705623: I tensorflow/core/common_runtime/gpu_fusion_pass.cc:507] ROCm Fusion is enabled.\n",
      "2023-03-05 21:59:11.707483: I tensorflow/core/common_runtime/gpu_fusion_pass.cc:507] ROCm Fusion is enabled.\n",
      "2023-03-05 21:59:11.708215: I tensorflow/core/common_runtime/gpu_fusion_pass.cc:507] ROCm Fusion is enabled.\n",
      "2023-03-05 21:59:11.708693: I tensorflow/core/common_runtime/gpu_fusion_pass.cc:507] ROCm Fusion is enabled.\n",
      "2023-03-05 21:59:11.709270: I tensorflow/core/common_runtime/gpu_fusion_pass.cc:507] ROCm Fusion is enabled.\n",
      "2023-03-05 21:59:11.710127: I tensorflow/core/common_runtime/gpu_fusion_pass.cc:507] ROCm Fusion is enabled.\n",
      "2023-03-05 21:59:11.710765: I tensorflow/core/common_runtime/gpu_fusion_pass.cc:507] ROCm Fusion is enabled.\n"
     ]
    }
   ],
   "source": [
    "latent_dim_ = 78\n",
    "epochs_ = 20\n",
    "batch_size_ = 32\n",
    "y_train = np.reshape(y_train, (-1, 1))\n",
    "X_train = np.array(X_train)\n",
    "X_train = X_train.astype(float)\n",
    "X_train = np.reshape(X_train, (-1, 78, 1))\n",
    "dataset = tf.data.Dataset.from_tensor_slices((X_train, y_train))\n",
    "dataset = dataset.shuffle(buffer_size=100).batch(batch_size_)"
   ]
  },
  {
   "cell_type": "code",
   "execution_count": 4,
   "metadata": {},
   "outputs": [
    {
     "name": "stdout",
     "output_type": "stream",
     "text": [
      "Model: \"generator\"\n",
      "_________________________________________________________________\n",
      " Layer (type)                Output Shape              Param #   \n",
      "=================================================================\n",
      " dense (Dense)               (None, 13)                1027      \n",
      "                                                                 \n",
      " leaky_re_lu (LeakyReLU)     (None, 13)                0         \n",
      "                                                                 \n",
      " reshape (Reshape)           (None, 13, 1)             0         \n",
      "                                                                 \n",
      " conv1d_transpose (Conv1DTra  (None, 39, 128)          640       \n",
      " nspose)                                                         \n",
      "                                                                 \n",
      " leaky_re_lu_1 (LeakyReLU)   (None, 39, 128)           0         \n",
      "                                                                 \n",
      " batch_normalization (BatchN  (None, 39, 128)          512       \n",
      " ormalization)                                                   \n",
      "                                                                 \n",
      " conv1d_transpose_1 (Conv1DT  (None, 78, 264)          135432    \n",
      " ranspose)                                                       \n",
      "                                                                 \n",
      " leaky_re_lu_2 (LeakyReLU)   (None, 78, 264)           0         \n",
      "                                                                 \n",
      " batch_normalization_1 (Batc  (None, 78, 264)          1056      \n",
      " hNormalization)                                                 \n",
      "                                                                 \n",
      " conv1d (Conv1D)             (None, 78, 1)             1057      \n",
      "                                                                 \n",
      "=================================================================\n",
      "Total params: 139,724\n",
      "Trainable params: 138,940\n",
      "Non-trainable params: 784\n",
      "_________________________________________________________________\n",
      "Model: \"discriminator\"\n",
      "_________________________________________________________________\n",
      " Layer (type)                Output Shape              Param #   \n",
      "=================================================================\n",
      " conv1d_1 (Conv1D)           (None, 26, 64)            320       \n",
      "                                                                 \n",
      " leaky_re_lu_3 (LeakyReLU)   (None, 26, 64)            0         \n",
      "                                                                 \n",
      " conv1d_2 (Conv1D)           (None, 13, 128)           32896     \n",
      "                                                                 \n",
      " leaky_re_lu_4 (LeakyReLU)   (None, 13, 128)           0         \n",
      "                                                                 \n",
      " batch_normalization_2 (Batc  (None, 13, 128)          512       \n",
      " hNormalization)                                                 \n",
      "                                                                 \n",
      " flatten (Flatten)           (None, 1664)              0         \n",
      "                                                                 \n",
      " dense_1 (Dense)             (None, 1)                 1665      \n",
      "                                                                 \n",
      "=================================================================\n",
      "Total params: 35,393\n",
      "Trainable params: 35,137\n",
      "Non-trainable params: 256\n",
      "_________________________________________________________________\n"
     ]
    },
    {
     "name": "stderr",
     "output_type": "stream",
     "text": [
      "2023-03-05 21:59:11.737087: I tensorflow/core/common_runtime/gpu_fusion_pass.cc:507] ROCm Fusion is enabled.\n",
      "2023-03-05 21:59:11.737827: I tensorflow/core/common_runtime/gpu_fusion_pass.cc:507] ROCm Fusion is enabled.\n",
      "2023-03-05 21:59:11.744874: I tensorflow/core/common_runtime/gpu_fusion_pass.cc:507] ROCm Fusion is enabled.\n",
      "2023-03-05 21:59:11.745317: I tensorflow/core/common_runtime/gpu_fusion_pass.cc:507] ROCm Fusion is enabled.\n",
      "2023-03-05 21:59:11.748133: I tensorflow/core/common_runtime/gpu_fusion_pass.cc:507] ROCm Fusion is enabled.\n",
      "2023-03-05 21:59:11.748675: I tensorflow/core/common_runtime/gpu_fusion_pass.cc:507] ROCm Fusion is enabled.\n",
      "2023-03-05 21:59:11.749415: I tensorflow/core/common_runtime/gpu_fusion_pass.cc:507] ROCm Fusion is enabled.\n",
      "2023-03-05 21:59:11.749920: I tensorflow/core/common_runtime/gpu_fusion_pass.cc:507] ROCm Fusion is enabled.\n",
      "2023-03-05 21:59:11.750385: I tensorflow/core/common_runtime/gpu_fusion_pass.cc:507] ROCm Fusion is enabled.\n",
      "2023-03-05 21:59:11.750875: I tensorflow/core/common_runtime/gpu_fusion_pass.cc:507] ROCm Fusion is enabled.\n",
      "2023-03-05 21:59:11.751394: I tensorflow/core/common_runtime/gpu_fusion_pass.cc:507] ROCm Fusion is enabled.\n",
      "2023-03-05 21:59:11.752649: I tensorflow/core/common_runtime/gpu_fusion_pass.cc:507] ROCm Fusion is enabled.\n",
      "2023-03-05 21:59:11.753159: I tensorflow/core/common_runtime/gpu_fusion_pass.cc:507] ROCm Fusion is enabled.\n",
      "2023-03-05 21:59:11.753600: I tensorflow/core/common_runtime/gpu_fusion_pass.cc:507] ROCm Fusion is enabled.\n",
      "2023-03-05 21:59:11.764530: I tensorflow/core/common_runtime/gpu_fusion_pass.cc:507] ROCm Fusion is enabled.\n",
      "2023-03-05 21:59:11.765070: I tensorflow/core/common_runtime/gpu_fusion_pass.cc:507] ROCm Fusion is enabled.\n",
      "2023-03-05 21:59:11.765775: I tensorflow/core/common_runtime/gpu_fusion_pass.cc:507] ROCm Fusion is enabled.\n",
      "2023-03-05 21:59:11.766212: I tensorflow/core/common_runtime/gpu_fusion_pass.cc:507] ROCm Fusion is enabled.\n",
      "2023-03-05 21:59:11.790412: I tensorflow/core/common_runtime/gpu_fusion_pass.cc:507] ROCm Fusion is enabled.\n",
      "2023-03-05 21:59:11.791049: I tensorflow/core/common_runtime/gpu_fusion_pass.cc:507] ROCm Fusion is enabled.\n",
      "2023-03-05 21:59:11.792033: I tensorflow/core/common_runtime/gpu_fusion_pass.cc:507] ROCm Fusion is enabled.\n",
      "2023-03-05 21:59:11.792552: I tensorflow/core/common_runtime/gpu_fusion_pass.cc:507] ROCm Fusion is enabled.\n",
      "2023-03-05 21:59:11.813896: I tensorflow/core/common_runtime/gpu_fusion_pass.cc:507] ROCm Fusion is enabled.\n",
      "2023-03-05 21:59:11.814436: I tensorflow/core/common_runtime/gpu_fusion_pass.cc:507] ROCm Fusion is enabled.\n",
      "2023-03-05 21:59:11.815110: I tensorflow/core/common_runtime/gpu_fusion_pass.cc:507] ROCm Fusion is enabled.\n",
      "2023-03-05 21:59:11.815547: I tensorflow/core/common_runtime/gpu_fusion_pass.cc:507] ROCm Fusion is enabled.\n",
      "2023-03-05 21:59:11.840563: I tensorflow/core/common_runtime/gpu_fusion_pass.cc:507] ROCm Fusion is enabled.\n",
      "2023-03-05 21:59:11.841248: I tensorflow/core/common_runtime/gpu_fusion_pass.cc:507] ROCm Fusion is enabled.\n",
      "2023-03-05 21:59:11.842367: I tensorflow/core/common_runtime/gpu_fusion_pass.cc:507] ROCm Fusion is enabled.\n",
      "2023-03-05 21:59:11.842866: I tensorflow/core/common_runtime/gpu_fusion_pass.cc:507] ROCm Fusion is enabled.\n",
      "2023-03-05 21:59:11.851191: I tensorflow/core/common_runtime/gpu_fusion_pass.cc:507] ROCm Fusion is enabled.\n",
      "2023-03-05 21:59:11.851721: I tensorflow/core/common_runtime/gpu_fusion_pass.cc:507] ROCm Fusion is enabled.\n",
      "2023-03-05 21:59:11.868670: I tensorflow/core/common_runtime/gpu_fusion_pass.cc:507] ROCm Fusion is enabled.\n",
      "2023-03-05 21:59:11.869224: I tensorflow/core/common_runtime/gpu_fusion_pass.cc:507] ROCm Fusion is enabled.\n",
      "2023-03-05 21:59:11.887636: I tensorflow/core/common_runtime/gpu_fusion_pass.cc:507] ROCm Fusion is enabled.\n",
      "2023-03-05 21:59:11.888414: I tensorflow/core/common_runtime/gpu_fusion_pass.cc:507] ROCm Fusion is enabled.\n",
      "2023-03-05 21:59:11.897799: I tensorflow/core/common_runtime/gpu_fusion_pass.cc:507] ROCm Fusion is enabled.\n",
      "2023-03-05 21:59:11.898356: I tensorflow/core/common_runtime/gpu_fusion_pass.cc:507] ROCm Fusion is enabled.\n",
      "2023-03-05 21:59:11.898925: I tensorflow/core/common_runtime/gpu_fusion_pass.cc:507] ROCm Fusion is enabled.\n",
      "2023-03-05 21:59:11.899432: I tensorflow/core/common_runtime/gpu_fusion_pass.cc:507] ROCm Fusion is enabled.\n",
      "2023-03-05 21:59:11.899880: I tensorflow/core/common_runtime/gpu_fusion_pass.cc:507] ROCm Fusion is enabled.\n",
      "2023-03-05 21:59:11.901092: I tensorflow/core/common_runtime/gpu_fusion_pass.cc:507] ROCm Fusion is enabled.\n",
      "2023-03-05 21:59:11.901860: I tensorflow/core/common_runtime/gpu_fusion_pass.cc:507] ROCm Fusion is enabled.\n",
      "2023-03-05 21:59:11.902268: I tensorflow/core/common_runtime/gpu_fusion_pass.cc:507] ROCm Fusion is enabled.\n"
     ]
    },
    {
     "name": "stdout",
     "output_type": "stream",
     "text": [
      "Epoch 1/20\n"
     ]
    },
    {
     "name": "stderr",
     "output_type": "stream",
     "text": [
      "2023-03-05 21:59:11.909976: I tensorflow/core/common_runtime/gpu_fusion_pass.cc:507] ROCm Fusion is enabled.\n",
      "2023-03-05 21:59:11.911747: I tensorflow/core/common_runtime/gpu_fusion_pass.cc:507] ROCm Fusion is enabled.\n",
      "2023-03-05 21:59:11.913464: I tensorflow/core/common_runtime/gpu_fusion_pass.cc:507] ROCm Fusion is enabled.\n",
      "2023-03-05 21:59:11.914106: I tensorflow/core/common_runtime/gpu_fusion_pass.cc:507] ROCm Fusion is enabled.\n",
      "2023-03-05 21:59:11.914802: I tensorflow/core/common_runtime/gpu_fusion_pass.cc:507] ROCm Fusion is enabled.\n",
      "2023-03-05 21:59:11.915355: I tensorflow/core/common_runtime/gpu_fusion_pass.cc:507] ROCm Fusion is enabled.\n",
      "2023-03-05 21:59:11.915776: I tensorflow/core/common_runtime/gpu_fusion_pass.cc:507] ROCm Fusion is enabled.\n",
      "2023-03-05 21:59:11.916224: I tensorflow/core/common_runtime/gpu_fusion_pass.cc:507] ROCm Fusion is enabled.\n",
      "2023-03-05 21:59:11.916642: I tensorflow/core/common_runtime/gpu_fusion_pass.cc:507] ROCm Fusion is enabled.\n",
      "2023-03-05 21:59:11.917241: I tensorflow/core/common_runtime/gpu_fusion_pass.cc:507] ROCm Fusion is enabled.\n",
      "2023-03-05 21:59:11.917794: I tensorflow/core/common_runtime/gpu_fusion_pass.cc:507] ROCm Fusion is enabled.\n",
      "2023-03-05 21:59:11.918459: I tensorflow/core/common_runtime/gpu_fusion_pass.cc:507] ROCm Fusion is enabled.\n",
      "2023-03-05 21:59:11.919067: I tensorflow/core/common_runtime/gpu_fusion_pass.cc:507] ROCm Fusion is enabled.\n",
      "2023-03-05 21:59:11.919531: I tensorflow/core/common_runtime/gpu_fusion_pass.cc:507] ROCm Fusion is enabled.\n",
      "2023-03-05 21:59:11.920470: I tensorflow/core/common_runtime/gpu_fusion_pass.cc:507] ROCm Fusion is enabled.\n",
      "2023-03-05 21:59:11.921221: I tensorflow/core/common_runtime/gpu_fusion_pass.cc:507] ROCm Fusion is enabled.\n",
      "2023-03-05 21:59:11.921800: I tensorflow/core/common_runtime/gpu_fusion_pass.cc:507] ROCm Fusion is enabled.\n",
      "2023-03-05 21:59:11.922803: I tensorflow/core/common_runtime/gpu_fusion_pass.cc:507] ROCm Fusion is enabled.\n",
      "2023-03-05 21:59:11.923787: I tensorflow/core/common_runtime/gpu_fusion_pass.cc:507] ROCm Fusion is enabled.\n",
      "2023-03-05 21:59:11.924749: I tensorflow/core/common_runtime/gpu_fusion_pass.cc:507] ROCm Fusion is enabled.\n",
      "2023-03-05 21:59:11.925550: I tensorflow/core/common_runtime/gpu_fusion_pass.cc:507] ROCm Fusion is enabled.\n",
      "2023-03-05 21:59:11.926848: I tensorflow/core/common_runtime/gpu_fusion_pass.cc:507] ROCm Fusion is enabled.\n",
      "2023-03-05 21:59:11.927664: I tensorflow/core/common_runtime/gpu_fusion_pass.cc:507] ROCm Fusion is enabled.\n",
      "2023-03-05 21:59:11.930024: I tensorflow/core/common_runtime/gpu_fusion_pass.cc:507] ROCm Fusion is enabled.\n",
      "2023-03-05 21:59:11.933057: I tensorflow/core/common_runtime/gpu_fusion_pass.cc:507] ROCm Fusion is enabled.\n",
      "2023-03-05 21:59:11.934915: I tensorflow/core/common_runtime/gpu_fusion_pass.cc:507] ROCm Fusion is enabled.\n"
     ]
    },
    {
     "name": "stdout",
     "output_type": "stream",
     "text": [
      "  1/282 [..............................] - ETA: 43s - g_loss: 7.7655 - d_loss: 0.5834"
     ]
    },
    {
     "name": "stderr",
     "output_type": "stream",
     "text": [
      "2023-03-05 21:59:11.944846: I tensorflow/core/common_runtime/gpu_fusion_pass.cc:507] ROCm Fusion is enabled.\n",
      "2023-03-05 21:59:11.948724: I tensorflow/core/common_runtime/gpu_fusion_pass.cc:507] ROCm Fusion is enabled.\n",
      "2023-03-05 21:59:11.949425: I tensorflow/core/common_runtime/gpu_fusion_pass.cc:507] ROCm Fusion is enabled.\n",
      "2023-03-05 21:59:11.950527: I tensorflow/core/common_runtime/gpu_fusion_pass.cc:507] ROCm Fusion is enabled.\n",
      "2023-03-05 21:59:11.951082: I tensorflow/core/common_runtime/gpu_fusion_pass.cc:507] ROCm Fusion is enabled.\n",
      "2023-03-05 21:59:11.951553: I tensorflow/core/common_runtime/gpu_fusion_pass.cc:507] ROCm Fusion is enabled.\n",
      "2023-03-05 21:59:11.952211: I tensorflow/core/common_runtime/gpu_fusion_pass.cc:507] ROCm Fusion is enabled.\n",
      "2023-03-05 21:59:11.953007: I tensorflow/core/common_runtime/gpu_fusion_pass.cc:507] ROCm Fusion is enabled.\n",
      "2023-03-05 21:59:11.953453: I tensorflow/core/common_runtime/gpu_fusion_pass.cc:507] ROCm Fusion is enabled.\n",
      "2023-03-05 21:59:11.954165: I tensorflow/core/common_runtime/gpu_fusion_pass.cc:507] ROCm Fusion is enabled.\n",
      "2023-03-05 21:59:11.954632: I tensorflow/core/common_runtime/gpu_fusion_pass.cc:507] ROCm Fusion is enabled.\n",
      "2023-03-05 21:59:11.955148: I tensorflow/core/common_runtime/gpu_fusion_pass.cc:507] ROCm Fusion is enabled.\n",
      "2023-03-05 21:59:11.955659: I tensorflow/core/common_runtime/gpu_fusion_pass.cc:507] ROCm Fusion is enabled.\n",
      "2023-03-05 21:59:11.957113: I tensorflow/core/common_runtime/gpu_fusion_pass.cc:507] ROCm Fusion is enabled.\n",
      "2023-03-05 21:59:11.958376: I tensorflow/core/common_runtime/gpu_fusion_pass.cc:507] ROCm Fusion is enabled.\n",
      "2023-03-05 21:59:11.959589: I tensorflow/core/common_runtime/gpu_fusion_pass.cc:507] ROCm Fusion is enabled.\n",
      "2023-03-05 21:59:11.960811: I tensorflow/core/common_runtime/gpu_fusion_pass.cc:507] ROCm Fusion is enabled.\n",
      "2023-03-05 21:59:11.961899: I tensorflow/core/common_runtime/gpu_fusion_pass.cc:507] ROCm Fusion is enabled.\n",
      "2023-03-05 21:59:11.962451: I tensorflow/core/common_runtime/gpu_fusion_pass.cc:507] ROCm Fusion is enabled.\n",
      "2023-03-05 21:59:11.965390: I tensorflow/core/common_runtime/gpu_fusion_pass.cc:507] ROCm Fusion is enabled.\n",
      "2023-03-05 21:59:11.966166: I tensorflow/core/common_runtime/gpu_fusion_pass.cc:507] ROCm Fusion is enabled.\n",
      "2023-03-05 21:59:11.966899: I tensorflow/core/common_runtime/gpu_fusion_pass.cc:507] ROCm Fusion is enabled.\n",
      "2023-03-05 21:59:11.967371: I tensorflow/core/common_runtime/gpu_fusion_pass.cc:507] ROCm Fusion is enabled.\n",
      "2023-03-05 21:59:11.967907: I tensorflow/core/common_runtime/gpu_fusion_pass.cc:507] ROCm Fusion is enabled.\n",
      "2023-03-05 21:59:11.968369: I tensorflow/core/common_runtime/gpu_fusion_pass.cc:507] ROCm Fusion is enabled.\n",
      "2023-03-05 21:59:11.968939: I tensorflow/core/common_runtime/gpu_fusion_pass.cc:507] ROCm Fusion is enabled.\n",
      "2023-03-05 21:59:11.969364: I tensorflow/core/common_runtime/gpu_fusion_pass.cc:507] ROCm Fusion is enabled.\n",
      "2023-03-05 21:59:11.969997: I tensorflow/core/common_runtime/gpu_fusion_pass.cc:507] ROCm Fusion is enabled.\n",
      "2023-03-05 21:59:11.970724: I tensorflow/core/common_runtime/gpu_fusion_pass.cc:507] ROCm Fusion is enabled.\n",
      "2023-03-05 21:59:11.971290: I tensorflow/core/common_runtime/gpu_fusion_pass.cc:507] ROCm Fusion is enabled.\n",
      "2023-03-05 21:59:11.971870: I tensorflow/core/common_runtime/gpu_fusion_pass.cc:507] ROCm Fusion is enabled.\n",
      "2023-03-05 21:59:11.972751: I tensorflow/core/common_runtime/gpu_fusion_pass.cc:507] ROCm Fusion is enabled.\n",
      "2023-03-05 21:59:11.973641: I tensorflow/core/common_runtime/gpu_fusion_pass.cc:507] ROCm Fusion is enabled.\n",
      "2023-03-05 21:59:11.974565: I tensorflow/core/common_runtime/gpu_fusion_pass.cc:507] ROCm Fusion is enabled.\n",
      "2023-03-05 21:59:11.975236: I tensorflow/core/common_runtime/gpu_fusion_pass.cc:507] ROCm Fusion is enabled.\n",
      "2023-03-05 21:59:11.975870: I tensorflow/core/common_runtime/gpu_fusion_pass.cc:507] ROCm Fusion is enabled.\n",
      "2023-03-05 21:59:11.976765: I tensorflow/core/common_runtime/gpu_fusion_pass.cc:507] ROCm Fusion is enabled.\n",
      "2023-03-05 21:59:11.977287: I tensorflow/core/common_runtime/gpu_fusion_pass.cc:507] ROCm Fusion is enabled.\n",
      "2023-03-05 21:59:11.977805: I tensorflow/core/common_runtime/gpu_fusion_pass.cc:507] ROCm Fusion is enabled.\n",
      "2023-03-05 21:59:11.978273: I tensorflow/core/common_runtime/gpu_fusion_pass.cc:507] ROCm Fusion is enabled.\n",
      "2023-03-05 21:59:11.979656: I tensorflow/core/common_runtime/gpu_fusion_pass.cc:507] ROCm Fusion is enabled.\n",
      "2023-03-05 21:59:11.980352: I tensorflow/core/common_runtime/gpu_fusion_pass.cc:507] ROCm Fusion is enabled.\n",
      "2023-03-05 21:59:11.981127: I tensorflow/core/common_runtime/gpu_fusion_pass.cc:507] ROCm Fusion is enabled.\n",
      "2023-03-05 21:59:11.982877: I tensorflow/core/common_runtime/gpu_fusion_pass.cc:507] ROCm Fusion is enabled.\n",
      "2023-03-05 21:59:11.985226: I tensorflow/core/common_runtime/gpu_fusion_pass.cc:507] ROCm Fusion is enabled.\n",
      "2023-03-05 21:59:11.986936: I tensorflow/core/common_runtime/gpu_fusion_pass.cc:507] ROCm Fusion is enabled.\n",
      "2023-03-05 21:59:11.994679: I tensorflow/core/common_runtime/gpu_fusion_pass.cc:507] ROCm Fusion is enabled.\n",
      "2023-03-05 21:59:11.995463: I tensorflow/core/common_runtime/gpu_fusion_pass.cc:507] ROCm Fusion is enabled.\n",
      "2023-03-05 21:59:11.996131: I tensorflow/core/common_runtime/gpu_fusion_pass.cc:507] ROCm Fusion is enabled.\n",
      "2023-03-05 21:59:11.996786: I tensorflow/core/common_runtime/gpu_fusion_pass.cc:507] ROCm Fusion is enabled.\n",
      "2023-03-05 21:59:11.997210: I tensorflow/core/common_runtime/gpu_fusion_pass.cc:507] ROCm Fusion is enabled.\n",
      "2023-03-05 21:59:11.997977: I tensorflow/core/common_runtime/gpu_fusion_pass.cc:507] ROCm Fusion is enabled.\n",
      "2023-03-05 21:59:11.998460: I tensorflow/core/common_runtime/gpu_fusion_pass.cc:507] ROCm Fusion is enabled.\n",
      "2023-03-05 21:59:11.999210: I tensorflow/core/common_runtime/gpu_fusion_pass.cc:507] ROCm Fusion is enabled.\n",
      "2023-03-05 21:59:12.000220: I tensorflow/core/common_runtime/gpu_fusion_pass.cc:507] ROCm Fusion is enabled.\n",
      "2023-03-05 21:59:12.001038: I tensorflow/core/common_runtime/gpu_fusion_pass.cc:507] ROCm Fusion is enabled.\n",
      "2023-03-05 21:59:12.002369: I tensorflow/core/common_runtime/gpu_fusion_pass.cc:507] ROCm Fusion is enabled.\n",
      "2023-03-05 21:59:12.003504: I tensorflow/core/common_runtime/gpu_fusion_pass.cc:507] ROCm Fusion is enabled.\n",
      "2023-03-05 21:59:12.004986: I tensorflow/core/common_runtime/gpu_fusion_pass.cc:507] ROCm Fusion is enabled.\n",
      "2023-03-05 21:59:12.006098: I tensorflow/core/common_runtime/gpu_fusion_pass.cc:507] ROCm Fusion is enabled.\n",
      "2023-03-05 21:59:12.009859: I tensorflow/core/common_runtime/gpu_fusion_pass.cc:507] ROCm Fusion is enabled.\n",
      "2023-03-05 21:59:12.010826: I tensorflow/core/common_runtime/gpu_fusion_pass.cc:507] ROCm Fusion is enabled.\n",
      "2023-03-05 21:59:12.012280: I tensorflow/core/common_runtime/gpu_fusion_pass.cc:507] ROCm Fusion is enabled.\n",
      "2023-03-05 21:59:12.013299: I tensorflow/core/common_runtime/gpu_fusion_pass.cc:507] ROCm Fusion is enabled.\n",
      "2023-03-05 21:59:12.013925: I tensorflow/core/common_runtime/gpu_fusion_pass.cc:507] ROCm Fusion is enabled.\n",
      "2023-03-05 21:59:12.024379: I tensorflow/core/common_runtime/gpu_fusion_pass.cc:507] ROCm Fusion is enabled.\n",
      "2023-03-05 21:59:12.025798: I tensorflow/core/common_runtime/gpu_fusion_pass.cc:507] ROCm Fusion is enabled.\n",
      "2023-03-05 21:59:12.026364: I tensorflow/core/common_runtime/gpu_fusion_pass.cc:507] ROCm Fusion is enabled.\n",
      "2023-03-05 21:59:12.027096: I tensorflow/core/common_runtime/gpu_fusion_pass.cc:507] ROCm Fusion is enabled.\n",
      "2023-03-05 21:59:12.029714: I tensorflow/core/common_runtime/gpu_fusion_pass.cc:507] ROCm Fusion is enabled.\n",
      "2023-03-05 21:59:12.033233: I tensorflow/core/common_runtime/gpu_fusion_pass.cc:507] ROCm Fusion is enabled.\n",
      "2023-03-05 21:59:12.048261: I tensorflow/core/common_runtime/gpu_fusion_pass.cc:507] ROCm Fusion is enabled.\n",
      "2023-03-05 21:59:12.049130: I tensorflow/core/common_runtime/gpu_fusion_pass.cc:507] ROCm Fusion is enabled.\n",
      "2023-03-05 21:59:12.050083: I tensorflow/core/common_runtime/gpu_fusion_pass.cc:507] ROCm Fusion is enabled.\n",
      "2023-03-05 21:59:12.050799: I tensorflow/core/common_runtime/gpu_fusion_pass.cc:507] ROCm Fusion is enabled.\n",
      "2023-03-05 21:59:12.051721: I tensorflow/core/common_runtime/gpu_fusion_pass.cc:507] ROCm Fusion is enabled.\n",
      "2023-03-05 21:59:12.052447: I tensorflow/core/common_runtime/gpu_fusion_pass.cc:507] ROCm Fusion is enabled.\n",
      "2023-03-05 21:59:12.056032: I tensorflow/core/common_runtime/gpu_fusion_pass.cc:507] ROCm Fusion is enabled.\n",
      "2023-03-05 21:59:12.057162: I tensorflow/core/common_runtime/gpu_fusion_pass.cc:507] ROCm Fusion is enabled.\n",
      "2023-03-05 21:59:12.058279: I tensorflow/core/common_runtime/gpu_fusion_pass.cc:507] ROCm Fusion is enabled.\n",
      "2023-03-05 21:59:12.059043: I tensorflow/core/common_runtime/gpu_fusion_pass.cc:507] ROCm Fusion is enabled.\n",
      "2023-03-05 21:59:12.061744: I tensorflow/core/common_runtime/gpu_fusion_pass.cc:507] ROCm Fusion is enabled.\n",
      "2023-03-05 21:59:12.062515: I tensorflow/core/common_runtime/gpu_fusion_pass.cc:507] ROCm Fusion is enabled.\n",
      "2023-03-05 21:59:12.064360: I tensorflow/core/common_runtime/gpu_fusion_pass.cc:507] ROCm Fusion is enabled.\n"
     ]
    },
    {
     "name": "stdout",
     "output_type": "stream",
     "text": [
      "282/282 [==============================] - 18s 63ms/step - g_loss: 7.1883 - d_loss: 0.0931\n",
      "Epoch 2/20\n",
      "282/282 [==============================] - 18s 63ms/step - g_loss: 7.1216 - d_loss: 4.8428e-05\n",
      "Epoch 3/20\n",
      "282/282 [==============================] - 18s 63ms/step - g_loss: 7.1146 - d_loss: 1.7475e-05\n",
      "Epoch 4/20\n",
      "282/282 [==============================] - 18s 63ms/step - g_loss: 7.1144 - d_loss: 8.5907e-06\n",
      "Epoch 5/20\n",
      "282/282 [==============================] - 18s 63ms/step - g_loss: 7.1137 - d_loss: 5.1207e-06\n",
      "Epoch 6/20\n",
      "282/282 [==============================] - 18s 63ms/step - g_loss: 7.1064 - d_loss: 3.8251e-06\n",
      "Epoch 7/20\n",
      "282/282 [==============================] - 18s 63ms/step - g_loss: 7.1064 - d_loss: 2.5127e-06\n",
      "Epoch 8/20\n",
      "282/282 [==============================] - 18s 63ms/step - g_loss: 7.1062 - d_loss: 1.7586e-06\n",
      "Epoch 9/20\n",
      "282/282 [==============================] - 18s 63ms/step - g_loss: 7.1061 - d_loss: 1.2821e-06\n",
      "Epoch 10/20\n",
      "282/282 [==============================] - 18s 63ms/step - g_loss: 7.1062 - d_loss: 9.6463e-07\n",
      "Epoch 11/20\n",
      "282/282 [==============================] - 18s 63ms/step - g_loss: 7.1061 - d_loss: 7.4001e-07\n",
      "Epoch 12/20\n",
      "282/282 [==============================] - 18s 63ms/step - g_loss: 7.1062 - d_loss: 5.7841e-07\n",
      "Epoch 13/20\n",
      "282/282 [==============================] - 18s 63ms/step - g_loss: 7.1062 - d_loss: 4.5782e-07\n",
      "Epoch 14/20\n",
      "282/282 [==============================] - 18s 63ms/step - g_loss: 7.1062 - d_loss: 3.6814e-07\n",
      "Epoch 15/20\n",
      "282/282 [==============================] - 18s 63ms/step - g_loss: 7.1061 - d_loss: 2.9863e-07\n",
      "Epoch 16/20\n",
      "282/282 [==============================] - 18s 63ms/step - g_loss: 7.1061 - d_loss: 2.4324e-07\n",
      "Epoch 17/20\n",
      "282/282 [==============================] - 18s 63ms/step - g_loss: 7.1061 - d_loss: 1.9944e-07\n",
      "Epoch 18/20\n",
      "282/282 [==============================] - 18s 63ms/step - g_loss: 7.1061 - d_loss: 1.6453e-07\n",
      "Epoch 19/20\n",
      "282/282 [==============================] - 18s 63ms/step - g_loss: 7.1062 - d_loss: 1.3641e-07\n",
      "Epoch 20/20\n",
      "282/282 [==============================] - 18s 64ms/step - g_loss: 7.1061 - d_loss: 1.1347e-07\n"
     ]
    }
   ],
   "source": [
    "GAN_model = GenAdvNetwork(latent_dim=latent_dim_, batch_size=batch_size_)\n",
    "GAN_model.compile(\n",
    "    generator_opt=tf.keras.optimizers.Adam(learning_rate=0.001),\n",
    "    discriminator_opt=tf.keras.optimizers.Adam(learning_rate=0.001),\n",
    "    disc_loss=tf.keras.losses.BinaryCrossentropy(),\n",
    "    gen_loss=tf.keras.losses.MAE\n",
    ")\n",
    "history = GAN_model.fit(dataset, epochs=epochs_)"
   ]
  },
  {
   "cell_type": "code",
   "execution_count": 5,
   "metadata": {},
   "outputs": [],
   "source": [
    "train_dir = os.path.dirname(os.path.abspath(\"__file__\")) + \"/runs/train/weights/\"\n",
    "GAN_model.save_weights(train_dir + \"weights.h5\")"
   ]
  },
  {
   "cell_type": "code",
   "execution_count": 12,
   "metadata": {},
   "outputs": [
    {
     "data": {
