{
 "cells": [
  {
   "cell_type": "code",
   "execution_count": 1,
   "metadata": {},
   "outputs": [
    {
     "name": "stderr",
     "output_type": "stream",
     "text": [
      "2023-03-18 04:04:01.843765: I tensorflow/core/platform/cpu_feature_guard.cc:193] This TensorFlow binary is optimized with oneAPI Deep Neural Network Library (oneDNN) to use the following CPU instructions in performance-critical operations:  SSE3 SSE4.1 SSE4.2 AVX AVX2 FMA\n",
      "To enable them in other operations, rebuild TensorFlow with the appropriate compiler flags.\n"
     ]
    }
   ],
   "source": [
    "from gan import load_weight\n",
    "from gan import GenAdvNetwork\n",
    "import tensorflow as tf\n",
    "from utils import random_generator\n",
    "import numpy as np\n",
    "from reformatToXyz import ReformatToXYZ"
   ]
  },
  {
   "cell_type": "code",
   "execution_count": 2,
   "metadata": {},
   "outputs": [
    {
     "name": "stdout",
     "output_type": "stream",
     "text": [
      "Model: \"generator\"\n",
      "_________________________________________________________________\n",
      " Layer (type)                Output Shape              Param #   \n",
      "=================================================================\n",
      " dense (Dense)               (None, 13)                1027      \n",
      "                                                                 \n",
      " leaky_re_lu (LeakyReLU)     (None, 13)                0         \n",
      "                                                                 \n",
      " reshape (Reshape)           (None, 13, 1)             0         \n",
      "                                                                 \n",
      " conv1d_transpose (Conv1DTra  (None, 39, 128)          640       \n",
      " nspose)                                                         \n",
      "                                                                 \n",
      " leaky_re_lu_1 (LeakyReLU)   (None, 39, 128)           0         \n",
      "                                                                 \n",
      " batch_normalization (BatchN  (None, 39, 128)          512       \n",
      " ormalization)                                                   \n",
      "                                                                 \n",
      " conv1d_transpose_1 (Conv1DT  (None, 78, 264)          135432    \n",
      " ranspose)                                                       \n",
      "                                                                 \n",
      " leaky_re_lu_2 (LeakyReLU)   (None, 78, 264)           0         \n",
      "                                                                 \n",
      " batch_normalization_1 (Batc  (None, 78, 264)          1056      \n",
      " hNormalization)                                                 \n",
      "                                                                 \n",
      " conv1d (Conv1D)             (None, 78, 1)             1057      \n",
      "                                                                 \n",
      "=================================================================\n",
      "Total params: 139,724\n",
      "Trainable params: 138,940\n",
      "Non-trainable params: 784\n",
      "_________________________________________________________________\n",
      "Model: \"discriminator\"\n",
      "_________________________________________________________________\n",
      " Layer (type)                Output Shape              Param #   \n",
      "=================================================================\n",
      " conv1d_1 (Conv1D)           (None, 26, 64)            320       \n",
      "                                                                 \n",
      " leaky_re_lu_3 (LeakyReLU)   (None, 26, 64)            0         \n",
      "                                                                 \n",
      " conv1d_2 (Conv1D)           (None, 13, 128)           32896     \n",
      "                                                                 \n",
      " leaky_re_lu_4 (LeakyReLU)   (None, 13, 128)           0         \n",
      "                                                                 \n",
      " batch_normalization_2 (Batc  (None, 13, 128)          512       \n",
      " hNormalization)                                                 \n",
      "                                                                 \n",
      " flatten (Flatten)           (None, 1664)              0         \n",
      "                                                                 \n",
      " dense_1 (Dense)             (None, 1)                 1665      \n",
      "                                                                 \n",
      "=================================================================\n",
      "Total params: 35,393\n",
      "Trainable params: 35,137\n",
      "Non-trainable params: 256\n",
      "_________________________________________________________________\n"
     ]
    },
    {
     "name": "stderr",
     "output_type": "stream",
     "text": [
      "2023-03-18 04:04:03.198074: I tensorflow/compiler/xla/stream_executor/rocm/rocm_gpu_executor.cc:843] successful NUMA node read from SysFS had negative value (-1), but there must be at least one NUMA node, so returning NUMA node zero\n",
      "2023-03-18 04:04:03.198149: I tensorflow/compiler/xla/stream_executor/rocm/rocm_gpu_executor.cc:843] successful NUMA node read from SysFS had negative value (-1), but there must be at least one NUMA node, so returning NUMA node zero\n",
      "2023-03-18 04:04:03.252823: I tensorflow/compiler/xla/stream_executor/rocm/rocm_gpu_executor.cc:843] successful NUMA node read from SysFS had negative value (-1), but there must be at least one NUMA node, so returning NUMA node zero\n",
      "2023-03-18 04:04:03.252891: I tensorflow/compiler/xla/stream_executor/rocm/rocm_gpu_executor.cc:843] successful NUMA node read from SysFS had negative value (-1), but there must be at least one NUMA node, so returning NUMA node zero\n",
      "2023-03-18 04:04:03.252926: I tensorflow/compiler/xla/stream_executor/rocm/rocm_gpu_executor.cc:843] successful NUMA node read from SysFS had negative value (-1), but there must be at least one NUMA node, so returning NUMA node zero\n",
      "2023-03-18 04:04:03.252951: I tensorflow/core/common_runtime/gpu/gpu_device.cc:1990] Ignoring visible gpu device (device: 0, name: AMD Radeon RX 6700S, pci bus id: 0000:03:00.0) with AMDGPU version : gfx1032. The supported AMDGPU versions are gfx1030, gfx900, gfx906, gfx908, gfx90a.\n",
      "2023-03-18 04:04:03.252982: I tensorflow/compiler/xla/stream_executor/rocm/rocm_gpu_executor.cc:843] successful NUMA node read from SysFS had negative value (-1), but there must be at least one NUMA node, so returning NUMA node zero\n",
      "2023-03-18 04:04:03.252990: I tensorflow/core/common_runtime/gpu/gpu_device.cc:1990] Ignoring visible gpu device (device: 1, name: , pci bus id: 0000:07:00.0) with AMDGPU version : gfx1035. The supported AMDGPU versions are gfx1030, gfx900, gfx906, gfx908, gfx90a.\n",
      "2023-03-18 04:04:03.253377: I tensorflow/core/platform/cpu_feature_guard.cc:193] This TensorFlow binary is optimized with oneAPI Deep Neural Network Library (oneDNN) to use the following CPU instructions in performance-critical operations:  SSE3 SSE4.1 SSE4.2 AVX AVX2 FMA\n",
      "To enable them in other operations, rebuild TensorFlow with the appropriate compiler flags.\n",
      "2023-03-18 04:04:03.263699: I tensorflow/core/common_runtime/gpu_fusion_pass.cc:507] ROCm Fusion is enabled.\n",
      "2023-03-18 04:04:03.264900: I tensorflow/core/common_runtime/gpu_fusion_pass.cc:507] ROCm Fusion is enabled.\n",
      "2023-03-18 04:04:03.265479: I tensorflow/core/common_runtime/gpu_fusion_pass.cc:507] ROCm Fusion is enabled.\n",
      "2023-03-18 04:04:03.272639: I tensorflow/core/common_runtime/gpu_fusion_pass.cc:507] ROCm Fusion is enabled.\n",
      "2023-03-18 04:04:03.273101: I tensorflow/core/common_runtime/gpu_fusion_pass.cc:507] ROCm Fusion is enabled.\n",
      "2023-03-18 04:04:03.275957: I tensorflow/core/common_runtime/gpu_fusion_pass.cc:507] ROCm Fusion is enabled.\n",
      "2023-03-18 04:04:03.276470: I tensorflow/core/common_runtime/gpu_fusion_pass.cc:507] ROCm Fusion is enabled.\n",
      "2023-03-18 04:04:03.277201: I tensorflow/core/common_runtime/gpu_fusion_pass.cc:507] ROCm Fusion is enabled.\n",
      "2023-03-18 04:04:03.277646: I tensorflow/core/common_runtime/gpu_fusion_pass.cc:507] ROCm Fusion is enabled.\n",
      "2023-03-18 04:04:03.278081: I tensorflow/core/common_runtime/gpu_fusion_pass.cc:507] ROCm Fusion is enabled.\n",
      "2023-03-18 04:04:03.278561: I tensorflow/core/common_runtime/gpu_fusion_pass.cc:507] ROCm Fusion is enabled.\n",
      "2023-03-18 04:04:03.279027: I tensorflow/core/common_runtime/gpu_fusion_pass.cc:507] ROCm Fusion is enabled.\n",
      "2023-03-18 04:04:03.280009: I tensorflow/core/common_runtime/gpu_fusion_pass.cc:507] ROCm Fusion is enabled.\n",
      "2023-03-18 04:04:03.280425: I tensorflow/core/common_runtime/gpu_fusion_pass.cc:507] ROCm Fusion is enabled.\n",
      "2023-03-18 04:04:03.280860: I tensorflow/core/common_runtime/gpu_fusion_pass.cc:507] ROCm Fusion is enabled.\n",
      "2023-03-18 04:04:03.293551: I tensorflow/core/common_runtime/gpu_fusion_pass.cc:507] ROCm Fusion is enabled.\n",
      "2023-03-18 04:04:03.294059: I tensorflow/core/common_runtime/gpu_fusion_pass.cc:507] ROCm Fusion is enabled.\n",
      "2023-03-18 04:04:03.294783: I tensorflow/core/common_runtime/gpu_fusion_pass.cc:507] ROCm Fusion is enabled.\n",
      "2023-03-18 04:04:03.295206: I tensorflow/core/common_runtime/gpu_fusion_pass.cc:507] ROCm Fusion is enabled.\n",
      "2023-03-18 04:04:03.321170: I tensorflow/core/common_runtime/gpu_fusion_pass.cc:507] ROCm Fusion is enabled.\n",
      "2023-03-18 04:04:03.321701: I tensorflow/core/common_runtime/gpu_fusion_pass.cc:507] ROCm Fusion is enabled.\n",
      "2023-03-18 04:04:03.322445: I tensorflow/core/common_runtime/gpu_fusion_pass.cc:507] ROCm Fusion is enabled.\n",
      "2023-03-18 04:04:03.323000: I tensorflow/core/common_runtime/gpu_fusion_pass.cc:507] ROCm Fusion is enabled.\n",
      "2023-03-18 04:04:03.344310: I tensorflow/core/common_runtime/gpu_fusion_pass.cc:507] ROCm Fusion is enabled.\n",
      "2023-03-18 04:04:03.344807: I tensorflow/core/common_runtime/gpu_fusion_pass.cc:507] ROCm Fusion is enabled.\n",
      "2023-03-18 04:04:03.345563: I tensorflow/core/common_runtime/gpu_fusion_pass.cc:507] ROCm Fusion is enabled.\n",
      "2023-03-18 04:04:03.346040: I tensorflow/core/common_runtime/gpu_fusion_pass.cc:507] ROCm Fusion is enabled.\n",
      "2023-03-18 04:04:03.364625: I tensorflow/core/common_runtime/gpu_fusion_pass.cc:507] ROCm Fusion is enabled.\n",
      "2023-03-18 04:04:03.365219: I tensorflow/core/common_runtime/gpu_fusion_pass.cc:507] ROCm Fusion is enabled.\n",
      "2023-03-18 04:04:03.366081: I tensorflow/core/common_runtime/gpu_fusion_pass.cc:507] ROCm Fusion is enabled.\n",
      "2023-03-18 04:04:03.366557: I tensorflow/core/common_runtime/gpu_fusion_pass.cc:507] ROCm Fusion is enabled.\n",
      "2023-03-18 04:04:03.376725: I tensorflow/core/common_runtime/gpu_fusion_pass.cc:507] ROCm Fusion is enabled.\n",
      "2023-03-18 04:04:03.377239: I tensorflow/core/common_runtime/gpu_fusion_pass.cc:507] ROCm Fusion is enabled.\n",
      "2023-03-18 04:04:03.395972: I tensorflow/core/common_runtime/gpu_fusion_pass.cc:507] ROCm Fusion is enabled.\n",
      "2023-03-18 04:04:03.396533: I tensorflow/core/common_runtime/gpu_fusion_pass.cc:507] ROCm Fusion is enabled.\n",
      "2023-03-18 04:04:03.413375: I tensorflow/core/common_runtime/gpu_fusion_pass.cc:507] ROCm Fusion is enabled.\n",
      "2023-03-18 04:04:03.413999: I tensorflow/core/common_runtime/gpu_fusion_pass.cc:507] ROCm Fusion is enabled.\n",
      "2023-03-18 04:04:03.423119: I tensorflow/core/common_runtime/gpu_fusion_pass.cc:507] ROCm Fusion is enabled.\n",
      "2023-03-18 04:04:03.423826: I tensorflow/core/common_runtime/gpu_fusion_pass.cc:507] ROCm Fusion is enabled.\n",
      "2023-03-18 04:04:03.424781: I tensorflow/core/common_runtime/gpu_fusion_pass.cc:507] ROCm Fusion is enabled.\n",
      "2023-03-18 04:04:03.425683: I tensorflow/core/common_runtime/gpu_fusion_pass.cc:507] ROCm Fusion is enabled.\n",
      "2023-03-18 04:04:03.426347: I tensorflow/core/common_runtime/gpu_fusion_pass.cc:507] ROCm Fusion is enabled.\n",
      "2023-03-18 04:04:03.426991: I tensorflow/core/common_runtime/gpu_fusion_pass.cc:507] ROCm Fusion is enabled.\n",
      "2023-03-18 04:04:03.427498: I tensorflow/core/common_runtime/gpu_fusion_pass.cc:507] ROCm Fusion is enabled.\n",
      "2023-03-18 04:04:03.428385: I tensorflow/core/common_runtime/gpu_fusion_pass.cc:507] ROCm Fusion is enabled.\n",
      "2023-03-18 04:04:03.429052: I tensorflow/core/common_runtime/gpu_fusion_pass.cc:507] ROCm Fusion is enabled.\n",
      "2023-03-18 04:04:03.429835: I tensorflow/core/common_runtime/gpu_fusion_pass.cc:507] ROCm Fusion is enabled.\n",
      "2023-03-18 04:04:03.430550: I tensorflow/core/common_runtime/gpu_fusion_pass.cc:507] ROCm Fusion is enabled.\n",
      "2023-03-18 04:04:03.431081: I tensorflow/core/common_runtime/gpu_fusion_pass.cc:507] ROCm Fusion is enabled.\n",
      "2023-03-18 04:04:03.432218: I tensorflow/core/common_runtime/gpu_fusion_pass.cc:507] ROCm Fusion is enabled.\n",
      "2023-03-18 04:04:03.432893: I tensorflow/core/common_runtime/gpu_fusion_pass.cc:507] ROCm Fusion is enabled.\n",
      "2023-03-18 04:04:03.433413: I tensorflow/core/common_runtime/gpu_fusion_pass.cc:507] ROCm Fusion is enabled.\n",
      "2023-03-18 04:04:03.434243: I tensorflow/core/common_runtime/gpu_fusion_pass.cc:507] ROCm Fusion is enabled.\n",
      "2023-03-18 04:04:03.434969: I tensorflow/core/common_runtime/gpu_fusion_pass.cc:507] ROCm Fusion is enabled.\n",
      "2023-03-18 04:04:03.435927: I tensorflow/core/common_runtime/gpu_fusion_pass.cc:507] ROCm Fusion is enabled.\n",
      "2023-03-18 04:04:03.436570: I tensorflow/core/common_runtime/gpu_fusion_pass.cc:507] ROCm Fusion is enabled.\n",
      "2023-03-18 04:04:03.437126: I tensorflow/core/common_runtime/gpu_fusion_pass.cc:507] ROCm Fusion is enabled.\n",
      "2023-03-18 04:04:03.437663: I tensorflow/core/common_runtime/gpu_fusion_pass.cc:507] ROCm Fusion is enabled.\n",
      "2023-03-18 04:04:03.438928: I tensorflow/core/common_runtime/gpu_fusion_pass.cc:507] ROCm Fusion is enabled.\n",
      "2023-03-18 04:04:03.440972: I tensorflow/core/common_runtime/gpu_fusion_pass.cc:507] ROCm Fusion is enabled.\n",
      "2023-03-18 04:04:03.442653: I tensorflow/core/common_runtime/gpu_fusion_pass.cc:507] ROCm Fusion is enabled.\n",
      "2023-03-18 04:04:03.443612: I tensorflow/core/common_runtime/gpu_fusion_pass.cc:507] ROCm Fusion is enabled.\n",
      "2023-03-18 04:04:03.446070: I tensorflow/core/common_runtime/gpu_fusion_pass.cc:507] ROCm Fusion is enabled.\n",
      "2023-03-18 04:04:03.446716: I tensorflow/core/common_runtime/gpu_fusion_pass.cc:507] ROCm Fusion is enabled.\n",
      "2023-03-18 04:04:03.447421: I tensorflow/core/common_runtime/gpu_fusion_pass.cc:507] ROCm Fusion is enabled.\n",
      "2023-03-18 04:04:03.448006: I tensorflow/core/common_runtime/gpu_fusion_pass.cc:507] ROCm Fusion is enabled.\n",
      "2023-03-18 04:04:03.448546: I tensorflow/core/common_runtime/gpu_fusion_pass.cc:507] ROCm Fusion is enabled.\n",
      "2023-03-18 04:04:03.457513: I tensorflow/core/common_runtime/gpu_fusion_pass.cc:507] ROCm Fusion is enabled.\n",
      "2023-03-18 04:04:03.461691: I tensorflow/core/common_runtime/gpu_fusion_pass.cc:507] ROCm Fusion is enabled.\n",
      "2023-03-18 04:04:03.462646: I tensorflow/core/common_runtime/gpu_fusion_pass.cc:507] ROCm Fusion is enabled.\n"
     ]
    },
    {
     "data": {
      "text/plain": [
       "<tensorflow.python.checkpoint.checkpoint.CheckpointLoadStatus at 0x7fa83c60de70>"
      ]
     },
     "execution_count": 2,
     "metadata": {},
     "output_type": "execute_result"
    }
   ],
   "source": [
    "latent_dim_ = 78\n",
    "batch_size_ = 32\n",
    "weights_path = \"/home/panthibivek/thesis/GAN_pkg/runs/train/exp2/weights/\"\n",
    "# GanModel = load_weight(filepath)\n",
    "GanModel = GenAdvNetwork(latent_dim=latent_dim_, batch_size=batch_size_)\n",
    "GanModel.compile(\n",
    "    generator_opt=tf.keras.optimizers.Adam(learning_rate=0.001),\n",
    "    discriminator_opt=tf.keras.optimizers.Adam(learning_rate=0.001),\n",
    "    disc_loss=tf.keras.losses.BinaryCrossentropy(),\n",
    "    gen_loss=tf.keras.losses.MAE\n",
    ")\n",
    "\n",
    "random_data = random_generator((1, latent_dim_))\n",
    "\n",
    "GanModel.generator(random_data)\n",
    "GanModel.load_weights(weights_path) "
   ]
  },
  {
   "cell_type": "code",
   "execution_count": 3,
   "metadata": {},
   "outputs": [
    {
     "data": {
      "text/plain": [
       "<reformatToXyz.ReformatToXYZ at 0x7fa84159bee0>"
      ]
     },
     "execution_count": 3,
     "metadata": {},
     "output_type": "execute_result"
    }
   ],
   "source": [
    "generated_output = GanModel.generator(random_data)\n",
    "arr = generated_output.numpy()\n",
    "ReformatToXYZ(arr)"
   ]
  },
  {
   "cell_type": "code",
   "execution_count": 4,
   "metadata": {},
   "outputs": [
    {
     "name": "stdout",
     "output_type": "stream",
     "text": [
      "[[36.8581052  12.88475304 25.77010498 25.77010498 14.87814653 14.87814653\n",
      "   1.54718927  5.53505535  2.78513771  2.78513771  1.76372297  1.76372297]\n",
      " [12.88475304 36.8581052  14.87814653 14.87814653 25.77010498 25.77010498\n",
      "   5.53505535  1.54718927  1.76372297  1.76372297  2.78513771  2.78513771]\n",
      " [25.77010498 14.87814653 36.8581052  14.87849231 25.76950608 12.88505249\n",
      "   1.76372693  2.78515328  1.76374382  5.53492949  1.54720534  2.78511003]\n",
      " [25.77010498 14.87814653 14.87849231 36.8581052  12.88505249 25.76950608\n",
      "   1.76372693  2.78515328  5.53492949  1.76374382  2.78511003  1.54720534]\n",
      " [14.87814653 25.77010498 25.76950608 12.88505249 36.8581052  14.87849231\n",
      "   2.78515328  1.76372693  1.54720534  2.78511003  1.76374382  5.53492949]\n",
      " [14.87814653 25.77010498 12.88505249 25.76950608 14.87849231 36.8581052\n",
      "   2.78515328  1.76372693  2.78511003  1.54720534  5.53492949  1.76374382]\n",
      " [ 1.54718927  5.53505535  1.76372693  1.76372693  2.78515328  2.78515328\n",
      "   0.5         0.20153164  0.23270894  0.23270894  0.40306455  0.40306455]\n",
      " [ 5.53505535  1.54718927  2.78515328  2.78515328  1.76372693  1.76372693\n",
      "   0.20153164  0.5         0.40306455  0.40306455  0.23270894  0.23270894]\n",
      " [ 2.78513771  1.76372297  1.76374382  5.53492949  1.54720534  2.78511003\n",
      "   0.23270894  0.40306455  0.5         0.23270967  0.40306328  0.20153228]\n",
      " [ 2.78513771  1.76372297  5.53492949  1.76374382  2.78511003  1.54720534\n",
      "   0.23270894  0.40306455  0.23270967  0.5         0.20153228  0.40306328]\n",
      " [ 1.76372297  2.78513771  1.54720534  2.78511003  1.76374382  5.53492949\n",
      "   0.40306455  0.23270894  0.40306328  0.20153228  0.5         0.23270967]\n",
      " [ 1.76372297  2.78513771  2.78511003  1.54720534  5.53492949  1.76374382\n",
      "   0.40306455  0.23270894  0.20153228  0.40306328  0.23270967  0.5       ]]\n"
     ]
    }
   ],
   "source": [
    "import os\n",
    "import qml\n",
    "\n",
    "lower_coulomb_mtx_array = []\n",
    "path_in_str = os.path.abspath(str(\"/home/panthibivek/trash/molecule0.xyz\"))\n",
    "mol = qml.Compound(xyz=path_in_str)\n",
    "mol.generate_coulomb_matrix(size=12, sorting=\"row-norm\")\n",
    "lower_coulomb_mtx_array.append(list(mol.representation))\n",
    "x = np.array(lower_coulomb_mtx_array)\n",
    "reformat_obj = ReformatToXYZ(x)\n",
    "y = reformat_obj.manager()\n",
    "print(y)"
   ]
  }
 ],
 "metadata": {
  "kernelspec": {
   "display_name": "Python 3",
   "language": "python",
   "name": "python3"
  },
  "language_info": {
   "codemirror_mode": {
    "name": "ipython",
    "version": 3
   },
   "file_extension": ".py",
   "mimetype": "text/x-python",
   "name": "python",
   "nbconvert_exporter": "python",
   "pygments_lexer": "ipython3",
   "version": "3.10.6"
  },
  "orig_nbformat": 4
 },
 "nbformat": 4,
 "nbformat_minor": 2
}
